Supplemental results for CODEML (seqf: AAA32701_1-aligned_nucleotide_seqs.pml  treef: AIE38009.1_tree.Labeled.txt)


dN/dS (w) for site classes (K=4)

site class             0        1       2a       2b
proportion       0.55639  0.12167  0.26417  0.05777
background w     0.09507  1.00000  0.09507  1.00000
foreground w     0.09507  1.00000 999.00000 999.00000

Naive Empirical Bayes (NEB) probabilities for 4 classes
(amino acids refer to 1st sequence: AIE38009.1)

   1 M   0.99553 0.00002 0.00445 0.00000 ( 1)
   2 K   0.99391 0.00002 0.00608 0.00000 ( 1)
   3 Y   0.98403 0.00002 0.01595 0.00000 ( 1)
   4 A   0.97739 0.00468 0.01784 0.00009 ( 1)
   5 A   0.04665 0.93441 0.00085 0.01809 ( 2)
   6 A   0.85818 0.12375 0.01567 0.00240 ( 1)
   7 L   0.99130 0.00009 0.00861 0.00000 ( 1)
   8 T   0.97192 0.02135 0.00659 0.00015 ( 1)
   9 A   0.97556 0.00650 0.01781 0.00013 ( 1)
  10 I   0.68675 0.30464 0.00586 0.00275 ( 1)
  11 A   0.93968 0.02374 0.03554 0.00104 ( 1)
  12 A   0.96191 0.00164 0.03638 0.00007 ( 1)
  13 L   0.98845 0.00294 0.00859 0.00003 ( 1)
  14 A   0.97756 0.00451 0.01785 0.00009 ( 1)
  15 A   0.96293 0.00062 0.03642 0.00003 ( 1)
  16 R   0.95763 0.03469 0.00739 0.00029 ( 1)
  17 A   0.96186 0.00169 0.03638 0.00007 ( 1)
  18 A   0.16999 0.81120 0.00310 0.01571 ( 2)
  19 A   0.96571 0.01634 0.01763 0.00032 ( 1)
  20 V   0.94423 0.03053 0.02433 0.00091 ( 1)
  21 G   0.98895 0.00039 0.01065 0.00000 ( 1)
  22 V   0.97483 0.00005 0.02512 0.00000 ( 1)
  23 S   0.00955 0.97124 0.00017 0.01904 ( 2)
  24 G   0.97763 0.00003 0.02234 0.00000 ( 1)
  25 T   0.98595 0.00114 0.01290 0.00002 ( 1)
  26 P   0.98613 0.00133 0.01252 0.00002 ( 1)
  27 V   0.99351 0.00017 0.00632 0.00000 ( 1)
  28 G   0.98426 0.00507 0.01060 0.00006 ( 1)
  29 F   0.98827 0.00003 0.01171 0.00000 ( 1)
  30 A   0.96215 0.00140 0.03639 0.00006 ( 1)
  31 S   0.97313 0.00974 0.01695 0.00019 ( 1)
  32 S   0.14110 0.83998 0.00246 0.01646 ( 2)
  33 A   0.95874 0.00479 0.03626 0.00021 ( 1)
  34 T   0.98625 0.00083 0.01290 0.00001 ( 1)
  35 G   0.98885 0.00049 0.01065 0.00001 ( 1)
  36 G   0.98867 0.00068 0.01065 0.00001 ( 1)
  37 G   0.98916 0.00018 0.01066 0.00000 ( 1)
  38 D   0.91970 0.06459 0.01461 0.00110 ( 1)
  39 A   0.98186 0.00021 0.01792 0.00000 ( 1)
  40 T   0.97117 0.00216 0.02660 0.00007 ( 1)
  41 P   0.97857 0.00888 0.01242 0.00013 ( 1)
  42 V   0.97482 0.00006 0.02512 0.00000 ( 1)
  43 Y   0.98402 0.00004 0.01595 0.00000 ( 1)
  44 P   0.99361 0.00029 0.00610 0.00000 ( 1)
  45 T   0.97216 0.00117 0.02663 0.00004 ( 1)
  46 T   0.97213 0.00120 0.02663 0.00004 ( 1)
  47 T   0.97257 0.00076 0.02664 0.00002 ( 1)
  48 D   0.98268 0.00168 0.01562 0.00003 ( 1)
  49 E   0.99167 0.00002 0.00831 0.00000 ( 1)
  50 L   0.99598 0.00188 0.00213 0.00000 ( 1)
  51 V   0.97469 0.00019 0.02512 0.00001 ( 1)
  52 S   0.99124 0.00042 0.00834 0.00000 ( 1)
  53 Y   0.98403 0.00002 0.01595 0.00000 ( 1)
  54 L   0.99136 0.00002 0.00861 0.00000 ( 1)
  55 G   0.98861 0.00074 0.01065 0.00001 ( 1)
  56 D   0.98394 0.00041 0.01564 0.00001 ( 1)
  57 D   0.33036 0.63230 0.01155 0.02579 ( 2)
  58 E   0.99167 0.00002 0.00831 0.00000 ( 1)
  59 A   0.96343 0.00012 0.03644 0.00001 ( 1)
  60 R   0.99597 0.00035 0.00367 0.00000 ( 1)
  61 V   0.97404 0.00084 0.02510 0.00002 ( 1)
  62 I   0.99109 0.00045 0.00846 0.00000 ( 1)
  63 V   0.97116 0.00371 0.02502 0.00011 ( 1)
  64 L   0.99668 0.00119 0.00213 0.00000 ( 1)
  65 S   0.28048 0.70090 0.00488 0.01374 ( 2)
  66 K   0.99362 0.00031 0.00607 0.00000 ( 1)
  67 F   0.00000 0.00000 0.99923 0.00076 ( 3)
  68 D   0.00022 0.00000 0.99957 0.00020 ( 3)
  69 F   0.00022 0.00000 0.99969 0.00009 ( 3)
  70 T   0.00000 0.00000 0.99993 0.00007 ( 3)
  71 D   0.00001 0.00000 0.99975 0.00024 ( 3)
  72 T   0.00001 0.00004 0.95651 0.04344 ( 3)
  73 E   0.00000 0.00000 0.99035 0.00965 ( 3)
  74 G   0.00067 0.00000 0.99923 0.00010 ( 3)
  75 T   0.00001 0.00000 0.99979 0.00020 ( 3)
  76 T   0.59598 0.01283 0.38214 0.00905 ( 1)
  77 T   0.52190 0.00210 0.47393 0.00208 ( 1)
  78 T   0.52319 0.00085 0.47511 0.00084 ( 1)
  79 T   0.00585 0.96370 0.00016 0.03029 ( 2)
  80 G   0.00001 0.00010 0.86615 0.13374 ( 3)
  81 C   0.00215 0.00002 0.99668 0.00115 ( 3)
  82 A   0.00001 0.00000 0.99987 0.00013 ( 3)
  83 P   0.00079 0.02408 0.23629 0.73884 ( 4)
  84 W   0.00000 0.00000 0.99833 0.00167 ( 3)
  85 G   0.00031 0.00065 0.88683 0.11220 ( 3)
  86 T   0.00012 0.00008 0.99363 0.00618 ( 3)
  87 A   0.00425 0.00010 0.99323 0.00242 ( 3)
  88 S   0.08929 0.01384 0.88238 0.01449 ( 3)
  89 G   0.00025 0.00005 0.99773 0.00198 ( 3)
  90 C   0.00351 0.47384 0.03430 0.48835 ( 4)
  91 Q   0.00000 0.00000 0.99983 0.00017 ( 3)
  92 L   0.09614 0.00260 0.89889 0.00237 ( 3)
  93 A   0.00000 0.00001 0.94037 0.05962 ( 3)
  94 I   0.00046 0.00004 0.99869 0.00082 ( 3)
  95 N   0.09311 0.00006 0.90677 0.00006 ( 3)
  96 K   0.09671 0.00005 0.90320 0.00004 ( 3)
  97 D   0.00024 0.00000 0.99962 0.00013 ( 3)
  98 D   0.96606 0.00017 0.03376 0.00001 ( 1)
  99 W   0.00000 0.00000 0.98793 0.01207 ( 3)
 100 C   0.09542 0.00902 0.88704 0.00852 ( 3)
 101 T   0.00018 0.00000 0.99974 0.00008 ( 3)
 102 N   0.08850 0.02079 0.86889 0.02182 ( 3)
 103 Y   0.09323 0.00007 0.90663 0.00007 ( 3)
 104 E   0.00019 0.00000 0.99972 0.00008 ( 3)
 105 P   0.00000 0.00005 0.88607 0.11388 ( 3)
 106 D   0.00001 0.00000 0.99886 0.00113 ( 3)
 107 A   0.01910 0.34635 0.22544 0.40911 ( 4)
 108 P   0.00335 0.00003 0.99567 0.00095 ( 3)
 109 T   0.09131 0.00658 0.89537 0.00673 ( 3)
 110 T   0.97109 0.00223 0.02660 0.00007 ( 1)
 111 T   0.94645 0.02678 0.02593 0.00084 ( 1)
 112 V   0.00031 0.01641 0.63901 0.34427 ( 3)
 113 T   0.00048 0.00002 0.99916 0.00034 ( 3)
 114 N   0.09242 0.00008 0.90740 0.00009 ( 3)
 115 T   0.00000 0.00000 0.99985 0.00014 ( 3)
 116 A   0.00001 0.00037 0.67882 0.32080 ( 3)
 117 G   0.00010 0.00159 0.86962 0.12869 ( 3)
 118 E   0.00014 0.00001 0.99903 0.00083 ( 3)
 119 L   0.00000 0.00000 0.99870 0.00130 ( 3)
 120 G   0.00000 0.01070 0.01814 0.97115 ( 4)
 121 I   0.09329 0.00033 0.90605 0.00033 ( 3)
 122 T   0.00001 0.00000 0.99825 0.00175 ( 3)
 123 V   0.11662 0.00006 0.88328 0.00005 ( 3)
 124 N   0.09199 0.00237 0.90315 0.00249 ( 3)
 125 S   0.00033 0.00004 0.99841 0.00122 ( 3)
 126 N   0.93760 0.03751 0.02380 0.00110 ( 1)
 127 K   0.00000 0.00000 0.99990 0.00010 ( 3)
 128 S   0.00023 0.00000 0.99971 0.00006 ( 3)
 129 L   0.00003 0.00000 0.99951 0.00046 ( 3)
 130 I   0.00026 0.00000 0.99967 0.00006 ( 3)
 131 G   0.00000 0.00000 0.99030 0.00970 ( 3)
 132 E   0.00000 0.00000 0.99991 0.00009 ( 3)
 133 R   0.00047 0.00000 0.99915 0.00037 ( 3)
 134 Y   0.00019 0.00000 0.99961 0.00020 ( 3)
 135 Q   0.00000 0.00000 0.99925 0.00075 ( 3)
 136 R   0.00000 0.00000 0.99982 0.00018 ( 3)
 137 H   0.00010 0.00001 0.99937 0.00053 ( 3)
 138 P   0.00000 0.00000 0.99978 0.00021 ( 3)
 139 R   0.00012 0.00000 0.99977 0.00011 ( 3)
 140 A   0.00000 0.00000 0.99924 0.00076 ( 3)
 141 V   0.00176 0.00000 0.99819 0.00005 ( 3)
 142 V   0.00000 0.00007 0.59938 0.40055 ( 3)
 143 S   0.00000 0.00000 0.99947 0.00053 ( 3)
 144 A   0.00001 0.00000 0.99786 0.00213 ( 3)
 145 W   0.00022 0.00000 0.99949 0.00028 ( 3)
 146 V   0.00056 0.00141 0.91834 0.07968 ( 3)
 147 S   0.00028 0.00003 0.99868 0.00101 ( 3)
 148 G   0.00298 0.00032 0.98552 0.01118 ( 3)
 149 V   0.00260 0.00003 0.99610 0.00126 ( 3)
 150 S   0.00033 0.00022 0.99276 0.00669 ( 3)
 151 N   0.00000 0.02252 0.00687 0.97061 ( 4)
 152 I   0.09311 0.00005 0.90679 0.00005 ( 3)
 153 I   0.94431 0.03736 0.01754 0.00079 ( 1)
 154 I   0.98169 0.00007 0.01823 0.00000 ( 1)
 155 Q   0.00000 0.00000 0.99730 0.00270 ( 3)
 156 L   0.00000 0.00000 0.99737 0.00263 ( 3)
 157 C   0.00022 0.00000 0.99972 0.00005 ( 3)
 158 I   0.60922 0.00035 0.39018 0.00025 ( 1)
 159 V   0.09638 0.00115 0.90139 0.00108 ( 3)
 160 P   0.00000 0.00000 0.99867 0.00133 ( 3)
 161 G   0.00000 0.00000 0.99759 0.00240 ( 3)
 162 L   0.00000 0.00000 0.99984 0.00016 ( 3)
 163 H   0.00000 0.00000 0.99984 0.00016 ( 3)
 164 T   0.00215 0.00000 0.99777 0.00007 ( 3)
 165 L   0.00000 0.00000 0.99935 0.00065 ( 3)
 166 L   0.00000 0.00025 0.18084 0.81891 ( 4)
 167 P   0.00000 0.00000 0.99991 0.00008 ( 3)
 168 S   0.00000 0.00000 0.99993 0.00006 ( 3)
 169 Q   0.00000 0.00000 0.98952 0.01048 ( 3)
 170 T   0.00012 0.00003 0.99710 0.00275 ( 3)
 171 K   0.00000 0.00000 0.99918 0.00082 ( 3)
 172 P   0.00000 0.00000 0.99980 0.00020 ( 3)
 173 W   0.00000 0.00000 0.99983 0.00017 ( 3)
 174 N   0.00258 0.00000 0.99736 0.00005 ( 3)
 175 S   0.09225 0.00051 0.90672 0.00052 ( 3)
 176 H   0.09027 0.01734 0.87491 0.01747 ( 3)
 177 R   0.00000 0.00001 0.96720 0.03278 ( 3)
 178 N   0.00017 0.01152 0.58705 0.40127 ( 3)
 179 I   0.00015 0.00001 0.99895 0.00088 ( 3)
 180 A   0.00398 0.00001 0.99587 0.00015 ( 3)
 181 V   0.00043 0.00007 0.99308 0.00642 ( 3)
 182 T   0.00048 0.00000 0.99943 0.00008 ( 3)
 183 D   0.00000 0.00000 0.98894 0.01105 ( 3)
 184 I   0.60060 0.00866 0.38467 0.00607 ( 1)
 185 N   0.11678 0.00016 0.88292 0.00013 ( 3)
 186 P   0.09321 0.00023 0.90633 0.00024 ( 3)
 187 E   0.00043 0.00043 0.96285 0.03629 ( 3)
 188 Y   0.00000 0.00000 0.99949 0.00050 ( 3)
 189 T   0.98305 0.00404 0.01286 0.00006 ( 1)
 190 A   0.96091 0.00263 0.03634 0.00012 ( 1)
 191 R   0.96770 0.02463 0.00746 0.00021 ( 1)
 192 I   0.94256 0.04896 0.00804 0.00044 ( 1)
 193 G   0.87920 0.11008 0.00947 0.00125 ( 1)
 194 R   0.98426 0.00808 0.00759 0.00007 ( 1)
 195 Q   0.64609 0.35102 0.00185 0.00104 ( 1)
 196 H   0.98544 0.00288 0.01164 0.00004 ( 1)
 197 Y   0.98317 0.00089 0.01593 0.00002 ( 1)
 198 G   0.93235 0.05696 0.01004 0.00065 ( 1)
 199 T   0.97064 0.00269 0.02659 0.00008 ( 1)
 200 D   0.11518 0.84627 0.00403 0.03452 ( 2)
 201 D   0.65023 0.31423 0.02272 0.01282 ( 1)
 202 R   0.98407 0.01225 0.00363 0.00005 ( 1)
 203 S   0.54358 0.43836 0.00947 0.00859 ( 1)
 204 I   0.95745 0.02425 0.01778 0.00051 ( 1)
 205 T   0.94495 0.02827 0.02589 0.00089 ( 1)
 206 N   0.97519 0.00006 0.02476 0.00000 ( 1)
 207 N   0.97140 0.00383 0.02466 0.00011 ( 1)
 208 Y   0.91015 0.07376 0.01475 0.00134 ( 1)
 209 I   0.97919 0.00257 0.01819 0.00005 ( 1)
 210 N   0.27001 0.70260 0.00685 0.02054 ( 2)
 211 G   0.95266 0.02492 0.02177 0.00066 ( 1)
 212 E   0.93705 0.05460 0.00785 0.00050 ( 1)
 213 S   0.95656 0.03509 0.00805 0.00031 ( 1)
 214 D   0.96182 0.00438 0.03361 0.00018 ( 1)
 215 Y   0.46249 0.52056 0.00749 0.00946 ( 2)
 216 F   0.06046 0.20471 0.55029 0.18455 ( 3)
 217 A   0.98024 0.00183 0.01790 0.00004 ( 1)
 218 T   0.96416 0.02291 0.01261 0.00032 ( 1)
 219 C   0.98936 0.00023 0.01041 0.00000 ( 1)
 220 D   0.96549 0.00073 0.03374 0.00003 ( 1)
 221 G   0.80515 0.17193 0.01840 0.00452 ( 1)
 222 H   0.98590 0.00242 0.01165 0.00003 ( 1)
 223 H   0.98640 0.00192 0.01165 0.00003 ( 1)
 224 Y   0.98169 0.00236 0.01591 0.00004 ( 1)
 225 W   0.97647 0.02099 0.00249 0.00006 ( 1)
 226 N   0.97462 0.00062 0.02474 0.00002 ( 1)
 227 V   0.90821 0.08545 0.00578 0.00056 ( 1)
 228 Y   0.98379 0.00027 0.01594 0.00000 ( 1)
 229 L   0.88119 0.11465 0.00367 0.00049 ( 1)
 230 D   0.96538 0.00085 0.03374 0.00003 ( 1)
 231 G   0.97322 0.00443 0.02224 0.00012 ( 1)
 232 S   0.95188 0.03977 0.00801 0.00035 ( 1)
 233 S   0.97373 0.01004 0.01604 0.00019 ( 1)
 234 D   0.96598 0.00025 0.03376 0.00001 ( 1)
 235 K   0.84408 0.14978 0.00516 0.00098 ( 1)
 236 V   0.97410 0.00078 0.02510 0.00002 ( 1)
 237 T   0.96897 0.00435 0.02654 0.00014 ( 1)
 238 F   0.58923 0.39855 0.00698 0.00524 ( 1)
 239 S   0.12011 0.87207 0.00090 0.00692 ( 2)
 240 G   0.97710 0.00056 0.02232 0.00001 ( 1)
 241 N   0.97512 0.00013 0.02475 0.00000 ( 1)
 242 Y   0.97994 0.00411 0.01588 0.00007 ( 1)
 243 L   0.71542 0.28243 0.00153 0.00062 ( 1)
 244 Y   0.98351 0.00054 0.01594 0.00001 ( 1)
 245 K   0.99340 0.00052 0.00607 0.00000 ( 1)
 246 T   0.97059 0.00274 0.02659 0.00009 ( 1)
 247 S   0.58317 0.39886 0.01016 0.00782 ( 1)
 248 G   0.97355 0.00410 0.02224 0.00011 ( 1)
 249 R   0.97203 0.02430 0.00358 0.00009 ( 1)
 250 A   0.94434 0.01911 0.03572 0.00084 ( 1)
 251 P   0.97006 0.01737 0.01232 0.00025 ( 1)
 252 K   0.97639 0.01753 0.00597 0.00011 ( 1)
 253 V   0.97327 0.00160 0.02508 0.00005 ( 1)
 254 Q   0.18414 0.81291 0.00053 0.00242 ( 2)
 255 D   0.91127 0.05465 0.03185 0.00223 ( 1)
 256 N   0.97391 0.00133 0.02472 0.00004 ( 1)
 257 T   0.97291 0.00042 0.02665 0.00001 ( 1)
 258 Y   0.98185 0.00220 0.01591 0.00004 ( 1)
 259 L   0.97548 0.01590 0.00847 0.00015 ( 1)
 260 H   0.98737 0.00096 0.01167 0.00001 ( 1)
 261 I   0.64846 0.33247 0.01204 0.00703 ( 1)
 262 Y   0.20696 0.77560 0.00335 0.01409 ( 2)
 263 N   0.97506 0.00018 0.02475 0.00001 ( 1)
 264 N   0.97492 0.00032 0.02475 0.00001 ( 1)
 265 Y   0.97742 0.00662 0.01584 0.00012 ( 1)
 266 W   0.17778 0.81960 0.00045 0.00216 ( 2)
 267 E   0.91214 0.07950 0.00764 0.00072 ( 1)
 268 N   0.96665 0.00857 0.02454 0.00025 ( 1)
 269 N   0.97519 0.00005 0.02476 0.00000 ( 1)
 270 S   0.98779 0.00793 0.00424 0.00003 ( 1)
 271 G   0.86501 0.11227 0.01976 0.00295 ( 1)
 272 H   0.95873 0.02955 0.01133 0.00039 ( 1)
 273 A   0.98098 0.00109 0.01791 0.00002 ( 1)
 274 F   0.96713 0.02113 0.01146 0.00028 ( 1)
 275 E   0.98392 0.00777 0.00824 0.00007 ( 1)
 276 I   0.97946 0.00230 0.01819 0.00005 ( 1)
 277 G   0.97758 0.00008 0.02233 0.00000 ( 1)
 278 S   0.05910 0.92180 0.00103 0.01807 ( 2)
 279 G   0.98326 0.00608 0.01059 0.00007 ( 1)
 280 G   0.47761 0.04538 0.43216 0.04486 ( 1)
 281 Y   0.96093 0.02308 0.01557 0.00042 ( 1)
 282 V   0.97353 0.00134 0.02509 0.00004 ( 1)
 283 L   0.92539 0.06594 0.00804 0.00063 ( 1)
 284 A   0.96070 0.00284 0.03634 0.00012 ( 1)
 285 E   0.98693 0.00476 0.00827 0.00004 ( 1)
 286 G   0.98794 0.00140 0.01064 0.00002 ( 1)
 287 N   0.97414 0.00110 0.02473 0.00003 ( 1)
 288 Y   0.00472 0.97745 0.00008 0.01776 ( 2)
 289 F   0.61337 0.00005 0.38655 0.00003 ( 1)
 290 S   0.33514 0.64636 0.00584 0.01267 ( 2)
 291 N   0.89079 0.08414 0.02261 0.00246 ( 1)
 292 V   0.60185 0.00709 0.38604 0.00503 ( 1)
 293 D   0.48822 0.47532 0.01706 0.01939 ( 1)
 294 T   0.95802 0.01525 0.02624 0.00048 ( 1)
 295 V   0.07833 0.89309 0.00202 0.02657 ( 2)
 296 L   0.13536 0.85531 0.00118 0.00815 ( 2)
 297 E   0.92879 0.06286 0.00778 0.00057 ( 1)
 298 T   0.00000 0.96952 0.00000 0.03048 ( 2)
 299 D   0.01101 0.94986 0.00038 0.03875 ( 2)
 300 T   0.00679 0.96276 0.00019 0.03026 ( 2)
 301 F   0.97561 0.01266 0.01156 0.00017 ( 1)
 302 E   0.00170 0.98930 0.00001 0.00898 ( 2)
 303 G   0.93471 0.05460 0.01007 0.00062 ( 1)
 304 A   0.43681 0.54467 0.00797 0.01055 ( 2)
 305 L   0.82711 0.16414 0.00719 0.00156 ( 1)
 306 F   0.57512 0.03722 0.36245 0.02521 ( 1)
 307 S   0.50199 0.47986 0.00874 0.00941 ( 1)
 308 S   0.99086 0.00080 0.00833 0.00001 ( 1)
 309 D   0.46597 0.49745 0.01629 0.02029 ( 2)
 310 S   0.97457 0.00920 0.01606 0.00017 ( 1)
 311 A   0.14161 0.81721 0.00536 0.03582 ( 2)
 312 S   0.97960 0.00328 0.01706 0.00006 ( 1)
 313 S   0.00624 0.97455 0.00011 0.01910 ( 2)
 314 T   0.96817 0.00515 0.02652 0.00016 ( 1)
 315 C   0.98369 0.00589 0.01035 0.00007 ( 1)
 316 E   0.00008 0.99092 0.00000 0.00900 ( 2)
 317 S   0.95911 0.02372 0.01670 0.00046 ( 1)
 318 Y   0.85475 0.12906 0.01385 0.00234 ( 1)
 319 I   0.98547 0.00606 0.00841 0.00005 ( 1)
 320 G   0.96199 0.01562 0.02198 0.00041 ( 1)
 321 R   0.95679 0.03953 0.00353 0.00015 ( 1)
 322 S   0.25621 0.72511 0.00446 0.01421 ( 2)
 323 C   0.97680 0.01277 0.01028 0.00015 ( 1)
 324 V   0.03703 0.95022 0.00045 0.01230 ( 2)
 325 A   0.96285 0.00070 0.03642 0.00003 ( 1)
 326 N   0.92142 0.05363 0.02339 0.00157 ( 1)
 327 V   0.14787 0.82381 0.00381 0.02451 ( 2)
 328 N   0.77391 0.20058 0.01965 0.00586 ( 1)
 329 G   0.10453 0.87018 0.00239 0.02290 ( 2)
 330 G   0.20957 0.77929 0.00226 0.00888 ( 2)
 331 D   0.00029 0.96052 0.00001 0.03918 ( 2)
 332 L   0.50521 0.48577 0.00439 0.00463 ( 1)
 333 T   0.03820 0.93148 0.00105 0.02928 ( 2)
 334 G   0.10269 0.87202 0.00235 0.02294 ( 2)
 335 T   0.32084 0.64994 0.00879 0.02043 ( 2)
 336 S   0.47257 0.50922 0.00823 0.00998 ( 2)
 337 T   0.34681 0.62408 0.00950 0.01962 ( 2)
 338 T   0.10879 0.86116 0.00298 0.02707 ( 2)
 339 V   0.96654 0.00831 0.02491 0.00025 ( 1)
 340 L   0.73557 0.25560 0.00639 0.00244 ( 1)
 341 S   0.03598 0.94487 0.00063 0.01852 ( 2)
 342 N   0.02532 0.94637 0.00064 0.02766 ( 2)
 343 L   0.24967 0.74110 0.00217 0.00706 ( 2)
 344 S   0.01930 0.96240 0.00032 0.01799 ( 2)
 345 G   0.13877 0.83606 0.00317 0.02200 ( 2)
 346 D   0.12667 0.83485 0.00443 0.03406 ( 2)
 347 T   0.31380 0.65696 0.00860 0.02065 ( 2)
 348 L   0.40466 0.58623 0.00352 0.00559 ( 2)
 349 P   0.14937 0.83683 0.00190 0.01190 ( 2)
 350 S   0.00368 0.98758 0.00003 0.00870 ( 2)
 351 A   0.94724 0.03480 0.01729 0.00067 ( 1)
 352 D   0.02579 0.95753 0.00041 0.01627 ( 2)
 353 A   0.03552 0.94553 0.00065 0.01831 ( 2)
 354 A   0.39504 0.56524 0.01494 0.02478 ( 2)
 355 S   0.07751 0.90432 0.00128 0.01690 ( 2)
 356 T   0.97212 0.00121 0.02663 0.00004 ( 1)
 357 S   0.07285 0.90896 0.00120 0.01699 ( 2)
 358 P   0.97576 0.01168 0.01239 0.00017 ( 1)
 359 A   0.71143 0.25067 0.02691 0.01099 ( 1)
 360 S   0.03317 0.94768 0.00058 0.01857 ( 2)
 361 N   0.06534 0.90651 0.00166 0.02650 ( 2)


lnL = -7249.333310

Bayes Empirical Bayes (BEB) probabilities for 4 classes (class)
(amino acids refer to 1st sequence: AIE38009.1)

   1 M   0.67979 0.00002 0.32018 0.00001 ( 1)
   2 K   0.69489 0.00003 0.30507 0.00001 ( 1)
   3 Y   0.78269 0.00004 0.21726 0.00001 ( 1)
   4 A   0.66864 0.00360 0.32592 0.00184 ( 1)
   5 A   0.12066 0.54161 0.05929 0.27843 ( 2)
   6 A   0.62109 0.05028 0.30287 0.02575 ( 1)
   7 L   0.75245 0.00015 0.24735 0.00005 ( 1)
   8 T   0.61056 0.01097 0.37161 0.00686 ( 1)
   9 A   0.66812 0.00411 0.32567 0.00210 ( 1)
  10 I   0.56136 0.10506 0.27901 0.05458 ( 1)
  11 A   0.78425 0.01342 0.19846 0.00387 ( 1)
  12 A   0.79656 0.00146 0.20156 0.00042 ( 1)
  13 L   0.75016 0.00239 0.24660 0.00085 ( 1)
  14 A   0.66936 0.00290 0.32626 0.00148 ( 1)
  15 A   0.79734 0.00070 0.20175 0.00020 ( 1)
  16 R   0.72091 0.02103 0.25018 0.00787 ( 1)
  17 A   0.79636 0.00166 0.20151 0.00048 ( 1)
  18 A   0.27564 0.38946 0.13503 0.19987 ( 2)
  19 A   0.66282 0.00931 0.32310 0.00477 ( 1)
  20 V   0.79344 0.01658 0.18558 0.00441 ( 1)
  21 G   0.67042 0.00041 0.32897 0.00021 ( 1)
  22 V   0.81037 0.00009 0.18951 0.00002 ( 1)
  23 S   0.05438 0.71517 0.01484 0.21561 ( 2)
  24 G   0.81182 0.00005 0.18812 0.00001 ( 1)
  25 T   0.66537 0.00085 0.33334 0.00044 ( 1)
  26 P   0.78422 0.00127 0.21413 0.00038 ( 1)
  27 V   0.62559 0.00017 0.37413 0.00011 ( 1)
  28 G   0.66740 0.00337 0.32750 0.00173 ( 1)
  29 F   0.77096 0.00005 0.22897 0.00002 ( 1)
  30 A   0.79647 0.00154 0.20154 0.00045 ( 1)
  31 S   0.78152 0.00570 0.21107 0.00171 ( 1)
  32 S   0.32136 0.45470 0.08724 0.13670 ( 2)
  33 A   0.79413 0.00382 0.20095 0.00110 ( 1)
  34 T   0.66543 0.00079 0.33337 0.00041 ( 1)
  35 G   0.67031 0.00051 0.32891 0.00026 ( 1)
  36 G   0.67006 0.00076 0.32879 0.00039 ( 1)
  37 G   0.67061 0.00022 0.32906 0.00011 ( 1)
  38 D   0.66373 0.02801 0.29507 0.01318 ( 1)
  39 A   0.67207 0.00023 0.32758 0.00012 ( 1)
  40 T   0.79917 0.00169 0.19866 0.00048 ( 1)
  41 P   0.77991 0.00548 0.21296 0.00165 ( 1)
  42 V   0.81037 0.00010 0.18951 0.00003 ( 1)
  43 Y   0.78266 0.00007 0.21725 0.00002 ( 1)
  44 P   0.64647 0.00036 0.35297 0.00020 ( 1)
  45 T   0.79977 0.00111 0.19881 0.00031 ( 1)
  46 T   0.79976 0.00112 0.19881 0.00031 ( 1)
  47 T   0.80016 0.00073 0.19890 0.00021 ( 1)
  48 D   0.69037 0.00189 0.30685 0.00089 ( 1)
  49 E   0.72736 0.00003 0.27259 0.00001 ( 1)
  50 L   0.58104 0.00132 0.41667 0.00096 ( 1)
  51 V   0.81027 0.00019 0.18949 0.00005 ( 1)
  52 S   0.65007 0.00045 0.34922 0.00025 ( 1)
  53 Y   0.78269 0.00004 0.21726 0.00001 ( 1)
  54 L   0.75256 0.00004 0.24738 0.00002 ( 1)
  55 G   0.67008 0.00074 0.32880 0.00038 ( 1)
  56 D   0.69186 0.00043 0.30751 0.00020 ( 1)
  57 D   0.48617 0.31492 0.11413 0.08478 ( 1)
  58 E   0.72736 0.00003 0.27259 0.00001 ( 1)
  59 A   0.79788 0.00018 0.20189 0.00005 ( 1)
  60 R   0.62063 0.00034 0.37881 0.00021 ( 1)
  61 V   0.80951 0.00093 0.18931 0.00025 ( 1)
  62 I   0.66774 0.00049 0.33151 0.00026 ( 1)
  63 V   0.80761 0.00278 0.18887 0.00074 ( 1)
  64 L   0.58151 0.00086 0.41701 0.00062 ( 1)
  65 S   0.51152 0.26916 0.13851 0.08081 ( 1)
  66 K   0.69459 0.00032 0.30494 0.00015 ( 1)
  67 F   0.00044 0.00002 0.99842 0.00111 ( 3)
  68 D   0.00055 0.00000 0.99927 0.00017 ( 3)
  69 F   0.00055 0.00000 0.99929 0.00015 ( 3)
  70 T   0.00044 0.00000 0.99945 0.00010 ( 3)
  71 D   0.00055 0.00001 0.99903 0.00041 ( 3)
  72 T   0.00054 0.00045 0.97898 0.02002 ( 3)
  73 E   0.00003 0.00002 0.99221 0.00775 ( 3)
  74 G   0.00148 0.00000 0.99839 0.00012 ( 3)
  75 T   0.00052 0.00001 0.99912 0.00035 ( 3)
  76 T   0.73002 0.00914 0.25733 0.00350 ( 1)
  77 T   0.70264 0.00174 0.29483 0.00079 ( 1)
  78 T   0.70302 0.00137 0.29499 0.00062 ( 1)
  79 T   0.04274 0.73797 0.01074 0.20856 ( 2)
  80 G   0.00048 0.00118 0.94220 0.05614 ( 3)
  81 C   0.03467 0.00022 0.96415 0.00097 ( 3)
  82 A   0.00046 0.00000 0.99942 0.00012 ( 3)
  83 P   0.01680 0.09713 0.45918 0.42689 ( 3)
  84 W   0.00002 0.00000 0.99878 0.00120 ( 3)
  85 G   0.00286 0.00185 0.93581 0.05948 ( 3)
  86 T   0.00035 0.00006 0.99595 0.00364 ( 3)
  87 A   0.04026 0.00052 0.95722 0.00201 ( 3)
  88 S   0.04408 0.00272 0.94358 0.00962 ( 3)
  89 G   0.00055 0.00003 0.99806 0.00135 ( 3)
  90 C   0.01201 0.15819 0.26244 0.56736 ( 4)
  91 Q   0.00001 0.00000 0.99987 0.00013 ( 3)
  92 L   0.02093 0.00025 0.97707 0.00176 ( 3)
  93 A   0.00031 0.00043 0.96766 0.03159 ( 3)
  94 I   0.00074 0.00002 0.99856 0.00068 ( 3)
  95 N   0.04555 0.00002 0.95436 0.00007 ( 3)
  96 K   0.04377 0.00002 0.95612 0.00008 ( 3)
  97 D   0.00070 0.00000 0.99912 0.00018 ( 3)
  98 D   0.81015 0.00021 0.18959 0.00006 ( 1)
  99 W   0.00002 0.00002 0.99251 0.00746 ( 3)
 100 C   0.03144 0.00094 0.96305 0.00457 ( 3)
 101 T   0.00049 0.00000 0.99942 0.00009 ( 3)
 102 N   0.04703 0.00347 0.93797 0.01153 ( 3)
 103 Y   0.04295 0.00003 0.95693 0.00010 ( 3)
 104 E   0.00064 0.00000 0.99926 0.00009 ( 3)
 105 P   0.00002 0.00010 0.96285 0.03703 ( 3)
 106 D   0.00044 0.00002 0.99860 0.00094 ( 3)
 107 A   0.01768 0.05125 0.64052 0.29054 ( 3)
 108 P   0.03540 0.00026 0.96318 0.00116 ( 3)
 109 T   0.04030 0.00111 0.95429 0.00430 ( 3)
 110 T   0.79948 0.00139 0.19874 0.00039 ( 1)
 111 T   0.78947 0.01114 0.19626 0.00313 ( 1)
 112 V   0.00063 0.00464 0.84085 0.15388 ( 3)
 113 T   0.00075 0.00001 0.99876 0.00047 ( 3)
 114 N   0.04774 0.00004 0.95209 0.00013 ( 3)
 115 T   0.00043 0.00000 0.99942 0.00015 ( 3)
 116 A   0.00052 0.00198 0.91219 0.08531 ( 3)
 117 G   0.00033 0.00099 0.93377 0.06491 ( 3)
 118 E   0.00060 0.00002 0.99849 0.00089 ( 3)
 119 L   0.00040 0.00002 0.99846 0.00113 ( 3)
 120 G   0.00009 0.01475 0.17028 0.81488 ( 4)
 121 I   0.03927 0.00008 0.96032 0.00033 ( 3)
 122 T   0.00051 0.00003 0.99791 0.00155 ( 3)
 123 V   0.05364 0.00002 0.94627 0.00006 ( 3)
 124 N   0.04762 0.00059 0.94981 0.00197 ( 3)
 125 S   0.00063 0.00002 0.99840 0.00095 ( 3)
 126 N   0.79380 0.01433 0.18802 0.00385 ( 1)
 127 K   0.00002 0.00000 0.99987 0.00011 ( 3)
 128 S   0.00054 0.00000 0.99937 0.00009 ( 3)
 129 L   0.00033 0.00000 0.99934 0.00032 ( 3)
 130 I   0.00056 0.00000 0.99935 0.00009 ( 3)
 131 G   0.00004 0.00001 0.99533 0.00462 ( 3)
 132 E   0.00001 0.00000 0.99989 0.00009 ( 3)
 133 R   0.00250 0.00001 0.99703 0.00045 ( 3)
 134 Y   0.00064 0.00000 0.99919 0.00016 ( 3)
 135 Q   0.00002 0.00000 0.99932 0.00066 ( 3)
 136 R   0.00041 0.00000 0.99937 0.00021 ( 3)
 137 H   0.00035 0.00001 0.99883 0.00081 ( 3)
 138 P   0.00046 0.00001 0.99924 0.00029 ( 3)
 139 R   0.00052 0.00000 0.99936 0.00011 ( 3)
 140 A   0.00002 0.00000 0.99955 0.00043 ( 3)
 141 V   0.02261 0.00001 0.97732 0.00007 ( 3)
 142 V   0.00031 0.00288 0.81920 0.17762 ( 3)
 143 S   0.00045 0.00002 0.99873 0.00081 ( 3)
 144 A   0.00045 0.00004 0.99762 0.00190 ( 3)
 145 W   0.00099 0.00001 0.99871 0.00029 ( 3)
 146 V   0.00203 0.00117 0.96345 0.03334 ( 3)
 147 S   0.00058 0.00002 0.99851 0.00089 ( 3)
 148 G   0.03818 0.00168 0.95330 0.00684 ( 3)
 149 V   0.03145 0.00027 0.96694 0.00134 ( 3)
 150 S   0.00063 0.00008 0.99606 0.00324 ( 3)
 151 N   0.00005 0.01997 0.08528 0.89471 ( 4)
 152 I   0.04555 0.00002 0.95434 0.00009 ( 3)
 153 I   0.78956 0.01328 0.19351 0.00365 ( 1)
 154 I   0.80308 0.00009 0.19680 0.00002 ( 1)
 155 Q   0.00001 0.00000 0.99798 0.00201 ( 3)
 156 L   0.00019 0.00000 0.99801 0.00180 ( 3)
 157 C   0.00054 0.00000 0.99937 0.00009 ( 3)
 158 I   0.69650 0.00052 0.30273 0.00025 ( 1)
 159 V   0.02663 0.00027 0.97157 0.00154 ( 3)
 160 P   0.00046 0.00002 0.99858 0.00094 ( 3)
 161 G   0.00044 0.00003 0.99767 0.00185 ( 3)
 162 L   0.00037 0.00000 0.99939 0.00024 ( 3)
 163 H   0.00035 0.00000 0.99953 0.00011 ( 3)
 164 T   0.02542 0.00002 0.97446 0.00010 ( 3)
 165 L   0.00001 0.00000 0.99948 0.00051 ( 3)
 166 L   0.00001 0.00097 0.58655 0.41247 ( 3)
 167 P   0.00037 0.00000 0.99954 0.00009 ( 3)
 168 S   0.00035 0.00000 0.99955 0.00010 ( 3)
 169 Q   0.00003 0.00001 0.99500 0.00497 ( 3)
 170 T   0.00035 0.00003 0.99747 0.00214 ( 3)
 171 K   0.00001 0.00000 0.99904 0.00095 ( 3)
 172 P   0.00042 0.00000 0.99935 0.00023 ( 3)
 173 W   0.00003 0.00000 0.99968 0.00029 ( 3)
 174 N   0.02961 0.00001 0.97031 0.00007 ( 3)
 175 S   0.04204 0.00014 0.95730 0.00052 ( 3)
 176 H   0.03893 0.00274 0.94751 0.01083 ( 3)
 177 R   0.00002 0.00003 0.98842 0.01153 ( 3)
 178 N   0.00062 0.00481 0.83443 0.16014 ( 3)
 179 I   0.00038 0.00002 0.99855 0.00105 ( 3)
 180 A   0.03574 0.00005 0.96398 0.00023 ( 3)
 181 V   0.00225 0.00016 0.99238 0.00521 ( 3)
 182 T   0.00075 0.00000 0.99913 0.00011 ( 3)
 183 D   0.00002 0.00001 0.99481 0.00516 ( 3)
 184 I   0.69280 0.00413 0.30113 0.00194 ( 1)
 185 N   0.05670 0.00006 0.94306 0.00018 ( 3)
 186 P   0.04356 0.00007 0.95612 0.00025 ( 3)
 187 E   0.00166 0.00046 0.97992 0.01796 ( 3)
 188 Y   0.00044 0.00001 0.99909 0.00046 ( 3)
 189 T   0.66459 0.00162 0.33295 0.00085 ( 1)
 190 A   0.79661 0.00141 0.20157 0.00041 ( 1)
 191 R   0.73395 0.00828 0.25468 0.00310 ( 1)
 192 I   0.65343 0.01456 0.32445 0.00756 ( 1)
 193 G   0.64811 0.02233 0.31808 0.01148 ( 1)
 194 R   0.73852 0.00380 0.25626 0.00142 ( 1)
 195 Q   0.56573 0.06626 0.32839 0.03963 ( 1)
 196 H   0.78353 0.00094 0.21524 0.00029 ( 1)
 197 Y   0.78227 0.00045 0.21714 0.00014 ( 1)
 198 G   0.65308 0.01744 0.32051 0.00897 ( 1)
 199 T   0.79950 0.00138 0.19874 0.00039 ( 1)
 200 D   0.38870 0.40960 0.09136 0.11034 ( 2)
 201 D   0.74282 0.06562 0.17392 0.01764 ( 1)
 202 R   0.61711 0.00382 0.37668 0.00239 ( 1)
 203 S   0.68204 0.10277 0.18436 0.03083 ( 1)
 204 I   0.79569 0.00730 0.19500 0.00201 ( 1)
 205 T   0.79367 0.00705 0.19730 0.00198 ( 1)
 206 N   0.80845 0.00006 0.19147 0.00002 ( 1)
 207 N   0.80718 0.00130 0.19117 0.00035 ( 1)
 208 Y   0.76861 0.01379 0.21337 0.00423 ( 1)
 209 I   0.80226 0.00090 0.19660 0.00025 ( 1)
 210 N   0.58639 0.21630 0.13916 0.05816 ( 1)
 211 G   0.80163 0.00998 0.18577 0.00262 ( 1)
 212 E   0.71430 0.01282 0.26773 0.00515 ( 1)
 213 S   0.63931 0.01105 0.34347 0.00617 ( 1)
 214 D   0.80816 0.00214 0.18912 0.00058 ( 1)
 215 Y   0.66054 0.11927 0.18354 0.03664 ( 1)
 216 F   0.02218 0.01355 0.88081 0.08346 ( 3)
 217 A   0.67146 0.00083 0.32728 0.00043 ( 1)
 218 T   0.66134 0.00481 0.33133 0.00252 ( 1)
 219 C   0.76235 0.00017 0.23742 0.00006 ( 1)
 220 D   0.80957 0.00077 0.18945 0.00021 ( 1)
 221 G   0.77198 0.03887 0.17894 0.01022 ( 1)
 222 H   0.78331 0.00116 0.21518 0.00035 ( 1)
 223 H   0.78360 0.00087 0.21526 0.00026 ( 1)
 224 Y   0.78166 0.00104 0.21697 0.00032 ( 1)
 225 W   0.61299 0.00684 0.37587 0.00430 ( 1)
 226 N   0.80811 0.00039 0.19139 0.00010 ( 1)
 227 V   0.60597 0.01954 0.36246 0.01203 ( 1)
 228 Y   0.78253 0.00020 0.21721 0.00006 ( 1)
 229 L   0.60158 0.02471 0.35857 0.01515 ( 1)
 230 D   0.80971 0.00064 0.18948 0.00017 ( 1)
 231 G   0.80982 0.00200 0.18766 0.00052 ( 1)
 232 S   0.64048 0.00990 0.34410 0.00553 ( 1)
 233 S   0.79783 0.00230 0.19923 0.00064 ( 1)
 234 D   0.81013 0.00023 0.18958 0.00006 ( 1)
 235 K   0.65296 0.04117 0.28677 0.01909 ( 1)
 236 V   0.81001 0.00045 0.18943 0.00012 ( 1)
 237 T   0.79934 0.00153 0.19870 0.00043 ( 1)
 238 F   0.63969 0.12831 0.19020 0.04179 ( 1)
 239 S   0.29627 0.36245 0.15006 0.19122 ( 2)
 240 G   0.81151 0.00035 0.18804 0.00009 ( 1)
 241 N   0.80840 0.00011 0.19146 0.00003 ( 1)
 242 Y   0.78131 0.00139 0.21688 0.00043 ( 1)
 243 L   0.52149 0.06041 0.37421 0.04389 ( 1)
 244 Y   0.78243 0.00029 0.21719 0.00009 ( 1)
 245 K   0.69468 0.00023 0.30498 0.00011 ( 1)
 246 T   0.79973 0.00115 0.19880 0.00032 ( 1)
 247 S   0.67627 0.10840 0.18281 0.03252 ( 1)
 248 G   0.81055 0.00129 0.18782 0.00034 ( 1)
 249 R   0.61365 0.00723 0.37458 0.00453 ( 1)
 250 A   0.79124 0.00662 0.20022 0.00191 ( 1)
 251 P   0.77963 0.00575 0.21288 0.00174 ( 1)
 252 K   0.68908 0.00573 0.30253 0.00266 ( 1)
 253 V   0.80966 0.00079 0.18935 0.00021 ( 1)
 254 Q   0.34471 0.28433 0.20067 0.17029 ( 1)
 255 D   0.79379 0.01610 0.18578 0.00433 ( 1)
 256 N   0.80793 0.00057 0.19135 0.00015 ( 1)
 257 T   0.80060 0.00030 0.19901 0.00008 ( 1)
 258 Y   0.78169 0.00102 0.21698 0.00031 ( 1)
 259 L   0.74624 0.00623 0.24532 0.00222 ( 1)
 260 H   0.78416 0.00033 0.21541 0.00010 ( 1)
 261 I   0.69451 0.10597 0.17035 0.02917 ( 1)
 262 Y   0.49515 0.28071 0.13783 0.08630 ( 1)
 263 N   0.80832 0.00019 0.19144 0.00005 ( 1)
 264 N   0.80831 0.00020 0.19144 0.00005 ( 1)
 265 Y   0.78059 0.00209 0.21668 0.00064 ( 1)
 266 W   0.37292 0.24402 0.22934 0.15372 ( 1)
 267 E   0.70495 0.02198 0.26424 0.00883 ( 1)
 268 N   0.80502 0.00340 0.19066 0.00091 ( 1)
 269 N   0.80845 0.00006 0.19147 0.00002 ( 1)
 270 S   0.59703 0.00196 0.39968 0.00133 ( 1)
 271 G   0.77969 0.03135 0.18071 0.00824 ( 1)
 272 H   0.77780 0.00654 0.21368 0.00198 ( 1)
 273 A   0.67160 0.00069 0.32735 0.00035 ( 1)
 274 F   0.76608 0.00482 0.22753 0.00157 ( 1)
 275 E   0.72480 0.00254 0.27164 0.00102 ( 1)
 276 I   0.80209 0.00106 0.19656 0.00029 ( 1)
 277 G   0.81179 0.00008 0.18811 0.00002 ( 1)
 278 S   0.25518 0.51927 0.06935 0.15620 ( 2)
 279 G   0.66793 0.00285 0.32775 0.00146 ( 1)
 280 G   0.67417 0.02624 0.28751 0.01208 ( 1)
 281 Y   0.77549 0.00707 0.21527 0.00217 ( 1)
 282 V   0.80971 0.00074 0.18936 0.00020 ( 1)
 283 L   0.72833 0.02375 0.23946 0.00846 ( 1)
 284 A   0.79614 0.00187 0.20145 0.00054 ( 1)
 285 E   0.72547 0.00189 0.27188 0.00076 ( 1)
 286 G   0.66970 0.00111 0.32862 0.00057 ( 1)
 287 N   0.80781 0.00068 0.19132 0.00018 ( 1)
 288 Y   0.06114 0.70431 0.01714 0.21741 ( 2)
 289 F   0.67406 0.00005 0.32586 0.00003 ( 1)
 290 S   0.57961 0.20272 0.15683 0.06084 ( 1)
 291 N   0.78655 0.02139 0.18631 0.00575 ( 1)
 292 V   0.74251 0.00348 0.25272 0.00129 ( 1)
 293 D   0.66358 0.14259 0.15548 0.03835 ( 1)
 294 T   0.79320 0.00750 0.19719 0.00211 ( 1)
 295 V   0.33603 0.46187 0.07899 0.12311 ( 2)
 296 L   0.35372 0.39016 0.11680 0.13933 ( 2)
 297 E   0.71057 0.01648 0.26633 0.00662 ( 1)
 298 T   0.00003 0.77953 0.00001 0.22043 ( 2)
 299 D   0.10630 0.68388 0.02510 0.18471 ( 2)
 300 T   0.06061 0.72057 0.01522 0.20359 ( 2)
 301 F   0.76737 0.00356 0.22791 0.00116 ( 1)
 302 E   0.01758 0.69502 0.00666 0.28075 ( 2)
 303 G   0.65412 0.01642 0.32102 0.00844 ( 1)
 304 A   0.53416 0.13564 0.26072 0.06948 ( 1)
 305 L   0.71355 0.03820 0.23463 0.01362 ( 1)
 306 F   0.66009 0.01372 0.31914 0.00705 ( 1)
 307 S   0.64439 0.13951 0.17424 0.04186 ( 1)
 308 S   0.65010 0.00042 0.34924 0.00024 ( 1)
 309 D   0.68126 0.12541 0.15959 0.03373 ( 1)
 310 S   0.79790 0.00223 0.19925 0.00062 ( 1)
 311 A   0.39619 0.39024 0.10067 0.11290 ( 1)
 312 S   0.78509 0.00221 0.21203 0.00066 ( 1)
 313 S   0.05019 0.71926 0.01369 0.21686 ( 2)
 314 T   0.79859 0.00225 0.19852 0.00063 ( 1)
 315 C   0.75995 0.00252 0.23668 0.00086 ( 1)
 316 E   0.00143 0.71083 0.00054 0.28720 ( 2)
 317 S   0.77986 0.00732 0.21063 0.00219 ( 1)
 318 Y   0.75586 0.02623 0.20985 0.00806 ( 1)
 319 I   0.66577 0.00243 0.33054 0.00126 ( 1)
 320 G   0.80651 0.00522 0.18689 0.00137 ( 1)
 321 R   0.61291 0.00797 0.37413 0.00499 ( 1)
 322 S   0.55066 0.23097 0.14904 0.06933 ( 1)
 323 C   0.75773 0.00469 0.23599 0.00159 ( 1)
 324 V   0.13369 0.52898 0.06572 0.27160 ( 2)
 325 A   0.79757 0.00048 0.20181 0.00014 ( 1)
 326 N   0.79747 0.01076 0.18889 0.00289 ( 1)
 327 V   0.36741 0.43132 0.08633 0.11494 ( 2)
 328 N   0.75839 0.04881 0.17968 0.01312 ( 1)
 329 G   0.37854 0.42214 0.08812 0.11121 ( 2)
 330 G   0.43948 0.22734 0.21620 0.11698 ( 1)
 331 D   0.00434 0.78290 0.00103 0.21174 ( 2)
 332 L   0.62188 0.12787 0.20466 0.04559 ( 1)
 333 T   0.16736 0.61669 0.04193 0.17402 ( 2)
 334 G   0.44854 0.35395 0.10431 0.09320 ( 1)
 335 T   0.55533 0.23906 0.13836 0.06726 ( 1)
 336 S   0.67294 0.11165 0.18191 0.03350 ( 1)
 337 T   0.62155 0.17460 0.15475 0.04911 ( 1)
 338 T   0.38465 0.40519 0.09604 0.11411 ( 2)
 339 V   0.80666 0.00370 0.18865 0.00099 ( 1)
 340 L   0.69572 0.05564 0.22881 0.01983 ( 1)
 341 S   0.22398 0.54971 0.06090 0.16540 ( 2)
 342 N   0.19435 0.59802 0.04638 0.16126 ( 2)
 343 L   0.49589 0.25110 0.16343 0.08958 ( 1)
 344 S   0.19169 0.59365 0.04823 0.16643 ( 2)
 345 G   0.44601 0.35642 0.10373 0.09385 ( 1)
 346 D   0.41246 0.38652 0.09692 0.10410 ( 1)
 347 T   0.56087 0.23366 0.13973 0.06574 ( 1)
 348 L   0.59632 0.15287 0.19630 0.05451 ( 1)
 349 P   0.45934 0.31854 0.12583 0.09629 ( 1)
 350 S   0.01883 0.62199 0.01022 0.34897 ( 2)
 351 A   0.66196 0.01016 0.32268 0.00520 ( 1)
 352 D   0.13002 0.55127 0.05826 0.26046 ( 2)
 353 A   0.14629 0.51645 0.07185 0.26541 ( 2)
 354 A   0.60794 0.18462 0.15409 0.05335 ( 1)
 355 S   0.32690 0.46175 0.08206 0.12929 ( 2)
 356 T   0.79999 0.00090 0.19886 0.00025 ( 1)
 357 S   0.34177 0.44725 0.08577 0.12521 ( 2)
 358 P   0.77980 0.00558 0.21293 0.00169 ( 1)
 359 A   0.72268 0.07320 0.18297 0.02114 ( 1)
 360 S   0.20104 0.57210 0.05469 0.17218 ( 2)
 361 N   0.36255 0.43426 0.08628 0.11692 ( 2)

