Supplemental results for CODEML (seqf: AAA32701_1-aligned_nucleotide_seqs.pml  treef: AIE38009.1_tree.Labeled.txt)


dN/dS (w) for site classes (K=4)

site class             0        1       2a       2b
proportion       0.57885  0.04141  0.35438  0.02535
background w     0.08039  1.00000  0.08039  1.00000
foreground w     0.08039  1.00000  1.00000  1.00000

Naive Empirical Bayes (NEB) probabilities for 4 classes
(amino acids refer to 1st sequence: AIE38009.1)

   1 M   0.81220 0.00000 0.18780 0.00000 ( 1)
   2 K   0.82844 0.00000 0.17156 0.00000 ( 1)
   3 Y   0.89381 0.00000 0.10619 0.00000 ( 1)
   4 A   0.79115 0.00015 0.20860 0.00009 ( 1)
   5 A   0.19193 0.46983 0.05061 0.28763 ( 2)
   6 A   0.78042 0.00856 0.20577 0.00524 ( 1)
   7 L   0.87550 0.00000 0.12450 0.00000 ( 1)
   8 T   0.73930 0.00125 0.25869 0.00076 ( 1)
   9 A   0.79091 0.00034 0.20854 0.00021 ( 1)
  10 I   0.74766 0.02724 0.20842 0.01668 ( 1)
  11 A   0.86591 0.00103 0.13243 0.00063 ( 1)
  12 A   0.86726 0.00007 0.13264 0.00004 ( 1)
  13 L   0.87541 0.00006 0.12449 0.00004 ( 1)
  14 A   0.79104 0.00024 0.20858 0.00014 ( 1)
  15 A   0.86733 0.00001 0.13265 0.00001 ( 1)
  16 R   0.86664 0.00121 0.13141 0.00074 ( 1)
  17 A   0.86725 0.00007 0.13263 0.00004 ( 1)
  18 A   0.47870 0.24506 0.12622 0.15003 ( 1)
  19 A   0.79023 0.00088 0.20836 0.00054 ( 1)
  20 V   0.88842 0.00102 0.10994 0.00062 ( 1)
  21 G   0.79411 0.00001 0.20587 0.00001 ( 1)
  22 V   0.88988 0.00000 0.11012 0.00000 ( 1)
  23 S   0.11908 0.53759 0.01422 0.32912 ( 2)
  24 G   0.89541 0.00000 0.10459 0.00000 ( 1)
  25 T   0.78623 0.00009 0.21362 0.00006 ( 1)
  26 P   0.89745 0.00002 0.10252 0.00001 ( 1)
  27 V   0.74618 0.00000 0.25382 0.00000 ( 1)
  28 G   0.79389 0.00019 0.20581 0.00011 ( 1)
  29 F   0.88771 0.00000 0.11229 0.00000 ( 1)
  30 A   0.86729 0.00004 0.13264 0.00003 ( 1)
  31 S   0.89312 0.00016 0.10663 0.00010 ( 1)
  32 S   0.67547 0.15128 0.08064 0.09261 ( 1)
  33 A   0.86713 0.00016 0.13262 0.00010 ( 1)
  34 T   0.78631 0.00003 0.21364 0.00002 ( 1)
  35 G   0.79411 0.00002 0.20586 0.00001 ( 1)
  36 G   0.79410 0.00002 0.20586 0.00001 ( 1)
  37 G   0.79412 0.00001 0.20587 0.00000 ( 1)
  38 D   0.81013 0.00318 0.18474 0.00195 ( 1)
  39 A   0.79133 0.00001 0.20865 0.00001 ( 1)
  40 T   0.88155 0.00010 0.11829 0.00006 ( 1)
  41 P   0.89726 0.00015 0.10250 0.00009 ( 1)
  42 V   0.88988 0.00000 0.11012 0.00000 ( 1)
  43 Y   0.89381 0.00000 0.10619 0.00000 ( 1)
  44 P   0.77615 0.00001 0.22384 0.00001 ( 1)
  45 T   0.88165 0.00002 0.11831 0.00002 ( 1)
  46 T   0.88163 0.00004 0.11830 0.00003 ( 1)
  47 T   0.88166 0.00002 0.11831 0.00001 ( 1)
  48 D   0.81421 0.00007 0.18567 0.00004 ( 1)
  49 E   0.86020 0.00000 0.13980 0.00000 ( 1)
  50 L   0.69860 0.00008 0.30126 0.00005 ( 1)
  51 V   0.88987 0.00000 0.11012 0.00000 ( 1)
  52 S   0.78008 0.00001 0.21990 0.00001 ( 1)
  53 Y   0.89381 0.00000 0.10619 0.00000 ( 1)
  54 L   0.87550 0.00000 0.12450 0.00000 ( 1)
  55 G   0.79410 0.00003 0.20586 0.00002 ( 1)
  56 D   0.81429 0.00001 0.18569 0.00001 ( 1)
  57 D   0.73739 0.10262 0.09716 0.06283 ( 1)
  58 E   0.86020 0.00000 0.13980 0.00000 ( 1)
  59 A   0.86734 0.00000 0.13265 0.00000 ( 1)
  60 R   0.74512 0.00001 0.25486 0.00001 ( 1)
  61 V   0.88986 0.00001 0.11012 0.00001 ( 1)
  62 I   0.79144 0.00001 0.20853 0.00001 ( 1)
  63 V   0.88982 0.00004 0.11011 0.00003 ( 1)
  64 L   0.69865 0.00004 0.30128 0.00003 ( 1)
  65 S   0.84590 0.03294 0.10099 0.02017 ( 1)
  66 K   0.82843 0.00001 0.17156 0.00000 ( 1)
  67 F   0.02693 0.00013 0.97287 0.00008 ( 3)
  68 D   0.03874 0.00001 0.96124 0.00001 ( 3)
  69 F   0.03874 0.00002 0.96123 0.00001 ( 3)
  70 T   0.02693 0.00000 0.97306 0.00000 ( 3)
  71 D   0.03579 0.00003 0.96415 0.00002 ( 3)
  72 T   0.03511 0.01195 0.94562 0.00732 ( 3)
  73 E   0.00898 0.00167 0.98832 0.00102 ( 3)
  74 G   0.09550 0.00000 0.90449 0.00000 ( 3)
  75 T   0.03214 0.00002 0.96782 0.00002 ( 3)
  76 T   0.84336 0.00120 0.15470 0.00074 ( 1)
  77 T   0.83009 0.00015 0.16967 0.00009 ( 1)
  78 T   0.83022 0.00005 0.16970 0.00003 ( 1)
  79 T   0.07094 0.57036 0.00952 0.34918 ( 2)
  80 G   0.03010 0.02240 0.93378 0.01372 ( 3)
  81 C   0.29392 0.00011 0.70590 0.00007 ( 3)
  82 A   0.02987 0.00000 0.97013 0.00000 ( 3)
  83 P   0.11784 0.37606 0.27586 0.23023 ( 2)
  84 W   0.00755 0.00013 0.99223 0.00008 ( 3)
  85 G   0.12178 0.00498 0.87019 0.00305 ( 3)
  86 T   0.02004 0.00113 0.97815 0.00069 ( 3)
  87 A   0.30454 0.00032 0.69495 0.00019 ( 3)
  88 S   0.35650 0.00175 0.64068 0.00107 ( 3)
  89 G   0.03841 0.00019 0.96129 0.00012 ( 3)
  90 C   0.09206 0.46132 0.16420 0.28242 ( 2)
  91 Q   0.00262 0.00001 0.99737 0.00000 ( 3)
  92 L   0.17486 0.00006 0.82503 0.00004 ( 3)
  93 A   0.02381 0.01610 0.95023 0.00986 ( 3)
  94 I   0.04090 0.00014 0.95887 0.00009 ( 3)
  95 N   0.36869 0.00000 0.63130 0.00000 ( 3)
  96 K   0.35386 0.00000 0.64614 0.00000 ( 3)
  97 D   0.04425 0.00001 0.95574 0.00000 ( 3)
  98 D   0.88357 0.00000 0.11642 0.00000 ( 1)
  99 W   0.00757 0.00283 0.98787 0.00173 ( 3)
 100 C   0.27128 0.00025 0.72832 0.00015 ( 3)
 101 T   0.03332 0.00000 0.96668 0.00000 ( 3)
 102 N   0.36778 0.00313 0.62718 0.00192 ( 3)
 103 Y   0.36360 0.00001 0.63639 0.00000 ( 3)
 104 E   0.04434 0.00000 0.95566 0.00000 ( 3)
 105 P   0.00875 0.01275 0.97069 0.00781 ( 3)
 106 D   0.03288 0.00008 0.96699 0.00005 ( 3)
 107 A   0.14936 0.21946 0.49682 0.13435 ( 3)
 108 P   0.29926 0.00012 0.70055 0.00007 ( 3)
 109 T   0.34423 0.00058 0.65484 0.00035 ( 3)
 110 T   0.88164 0.00003 0.11831 0.00002 ( 1)
 111 T   0.88053 0.00082 0.11816 0.00050 ( 1)
 112 V   0.03686 0.06601 0.85672 0.04041 ( 3)
 113 T   0.04125 0.00004 0.95868 0.00003 ( 3)
 114 N   0.36963 0.00001 0.63035 0.00001 ( 3)
 115 T   0.02924 0.00001 0.97075 0.00001 ( 3)
 116 A   0.03534 0.02629 0.92227 0.01609 ( 3)
 117 G   0.01912 0.02934 0.93358 0.01796 ( 3)
 118 E   0.04666 0.00016 0.95308 0.00010 ( 3)
 119 L   0.02542 0.00019 0.97427 0.00012 ( 3)
 120 G   0.00214 0.58611 0.05293 0.35882 ( 2)
 121 I   0.33622 0.00003 0.66373 0.00002 ( 3)
 122 T   0.03122 0.00028 0.96833 0.00017 ( 3)
 123 V   0.37778 0.00000 0.62222 0.00000 ( 3)
 124 N   0.36949 0.00024 0.63011 0.00015 ( 3)
 125 S   0.03857 0.00020 0.96111 0.00012 ( 3)
 126 N   0.89064 0.00139 0.10712 0.00085 ( 1)
 127 K   0.00717 0.00001 0.99282 0.00000 ( 3)
 128 S   0.03814 0.00001 0.96185 0.00000 ( 3)
 129 L   0.01928 0.00002 0.98068 0.00002 ( 3)
 130 I   0.03519 0.00000 0.96480 0.00000 ( 3)
 131 G   0.00981 0.00045 0.98947 0.00027 ( 3)
 132 E   0.00611 0.00001 0.99387 0.00001 ( 3)
 133 R   0.11789 0.00005 0.88204 0.00003 ( 3)
 134 Y   0.04433 0.00001 0.95565 0.00001 ( 3)
 135 Q   0.00576 0.00018 0.99395 0.00011 ( 3)
 136 R   0.03785 0.00003 0.96211 0.00002 ( 3)
 137 H   0.01922 0.00008 0.98065 0.00005 ( 3)
 138 P   0.02671 0.00003 0.97324 0.00002 ( 3)
 139 R   0.03340 0.00001 0.96658 0.00001 ( 3)
 140 A   0.00842 0.00003 0.99153 0.00002 ( 3)
 141 V   0.26672 0.00000 0.73328 0.00000 ( 3)
 142 V   0.02140 0.05107 0.89626 0.03127 ( 3)
 143 S   0.02979 0.00008 0.97008 0.00005 ( 3)
 144 A   0.02655 0.00013 0.97324 0.00008 ( 3)
 145 W   0.06538 0.00003 0.93457 0.00002 ( 3)
 146 V   0.11883 0.01406 0.85850 0.00861 ( 3)
 147 S   0.03712 0.00020 0.96256 0.00012 ( 3)
 148 G   0.30727 0.00150 0.69031 0.00092 ( 3)
 149 V   0.27500 0.00013 0.72478 0.00008 ( 3)
 150 S   0.03850 0.00120 0.95956 0.00073 ( 3)
 151 N   0.00134 0.59841 0.03389 0.36635 ( 2)
 152 I   0.36869 0.00000 0.63130 0.00000 ( 3)
 153 I   0.89426 0.00120 0.10380 0.00074 ( 1)
 154 I   0.89600 0.00000 0.10400 0.00000 ( 1)
 155 Q   0.00312 0.00046 0.99614 0.00028 ( 3)
 156 L   0.04801 0.00007 0.95187 0.00005 ( 3)
 157 C   0.03376 0.00001 0.96623 0.00000 ( 3)
 158 I   0.84533 0.00001 0.15465 0.00001 ( 1)
 159 V   0.21236 0.00018 0.78736 0.00011 ( 3)
 160 P   0.02670 0.00021 0.97297 0.00013 ( 3)
 161 G   0.02924 0.00019 0.97044 0.00012 ( 3)
 162 L   0.02576 0.00002 0.97420 0.00002 ( 3)
 163 H   0.02486 0.00001 0.97512 0.00001 ( 3)
 164 T   0.26922 0.00001 0.73077 0.00000 ( 3)
 165 L   0.00465 0.00004 0.99529 0.00002 ( 3)
 166 L   0.00501 0.14604 0.75955 0.08940 ( 3)
 167 P   0.02217 0.00000 0.97783 0.00000 ( 3)
 168 S   0.02752 0.00001 0.97246 0.00001 ( 3)
 169 Q   0.00449 0.00034 0.99496 0.00021 ( 3)
 170 T   0.02006 0.00039 0.97931 0.00024 ( 3)
 171 K   0.00225 0.00013 0.99755 0.00008 ( 3)
 172 P   0.02858 0.00003 0.97137 0.00002 ( 3)
 173 W   0.01214 0.00004 0.98780 0.00002 ( 3)
 174 N   0.29528 0.00000 0.70472 0.00000 ( 3)
 175 S   0.35071 0.00005 0.64920 0.00003 ( 3)
 176 H   0.34065 0.00164 0.65670 0.00101 ( 3)
 177 R   0.00608 0.00682 0.98292 0.00418 ( 3)
 178 N   0.04495 0.03498 0.89865 0.02142 ( 3)
 179 I   0.02030 0.00017 0.97942 0.00011 ( 3)
 180 A   0.31409 0.00002 0.68588 0.00001 ( 3)
 181 V   0.12836 0.00045 0.87091 0.00027 ( 3)
 182 T   0.04125 0.00001 0.95873 0.00001 ( 3)
 183 D   0.00760 0.00036 0.99182 0.00022 ( 3)
 184 I   0.84470 0.00047 0.15453 0.00029 ( 1)
 185 N   0.39014 0.00002 0.60983 0.00001 ( 3)
 186 P   0.36641 0.00001 0.63357 0.00001 ( 3)
 187 E   0.09722 0.00761 0.89051 0.00466 ( 3)
 188 Y   0.03418 0.00006 0.96571 0.00004 ( 3)
 189 T   0.78619 0.00013 0.21361 0.00008 ( 1)
 190 A   0.86729 0.00005 0.13264 0.00003 ( 1)
 191 R   0.86818 0.00011 0.13165 0.00007 ( 1)
 192 I   0.79022 0.00097 0.20821 0.00059 ( 1)
 193 G   0.79171 0.00189 0.20524 0.00115 ( 1)
 194 R   0.86825 0.00006 0.13166 0.00004 ( 1)
 195 Q   0.75601 0.00940 0.22884 0.00575 ( 1)
 196 H   0.89887 0.00001 0.10111 0.00001 ( 1)
 197 Y   0.89381 0.00000 0.10618 0.00000 ( 1)
 198 G   0.79260 0.00119 0.20547 0.00073 ( 1)
 199 T   0.88163 0.00004 0.11830 0.00002 ( 1)
 200 D   0.76983 0.07985 0.10143 0.04888 ( 1)
 201 D   0.87002 0.00952 0.11463 0.00583 ( 1)
 202 R   0.74483 0.00026 0.25476 0.00016 ( 1)
 203 S   0.88458 0.00609 0.10561 0.00373 ( 1)
 204 I   0.89576 0.00017 0.10397 0.00010 ( 1)
 205 T   0.88124 0.00032 0.11825 0.00019 ( 1)
 206 N   0.89264 0.00000 0.10736 0.00000 ( 1)
 207 N   0.89259 0.00003 0.10735 0.00002 ( 1)
 208 Y   0.89345 0.00025 0.10614 0.00016 ( 1)
 209 I   0.89598 0.00001 0.10400 0.00001 ( 1)
 210 N   0.83297 0.04146 0.10018 0.02538 ( 1)
 211 G   0.89490 0.00035 0.10453 0.00021 ( 1)
 212 E   0.85951 0.00050 0.13969 0.00031 ( 1)
 213 S   0.77937 0.00058 0.21970 0.00035 ( 1)
 214 D   0.88345 0.00009 0.11640 0.00006 ( 1)
 215 Y   0.88240 0.00792 0.10483 0.00485 ( 1)
 216 F   0.19396 0.02411 0.76717 0.01476 ( 3)
 217 A   0.79127 0.00006 0.20864 0.00004 ( 1)
 218 T   0.78582 0.00042 0.21351 0.00025 ( 1)
 219 C   0.88297 0.00000 0.11703 0.00000 ( 1)
 220 D   0.88354 0.00003 0.11642 0.00002 ( 1)
 221 G   0.89094 0.00309 0.10407 0.00189 ( 1)
 222 H   0.89887 0.00001 0.10111 0.00000 ( 1)
 223 H   0.89888 0.00000 0.10111 0.00000 ( 1)
 224 Y   0.89380 0.00001 0.10618 0.00000 ( 1)
 225 W   0.75059 0.00045 0.24869 0.00028 ( 1)
 226 N   0.89263 0.00001 0.10736 0.00000 ( 1)
 227 V   0.74137 0.00400 0.25218 0.00245 ( 1)
 228 Y   0.89381 0.00000 0.10618 0.00000 ( 1)
 229 L   0.74652 0.00415 0.24679 0.00254 ( 1)
 230 D   0.88356 0.00001 0.11642 0.00001 ( 1)
 231 G   0.89534 0.00005 0.10458 0.00003 ( 1)
 232 S   0.77925 0.00067 0.21967 0.00041 ( 1)
 233 S   0.89730 0.00005 0.10261 0.00003 ( 1)
 234 D   0.88357 0.00001 0.11642 0.00000 ( 1)
 235 K   0.82712 0.00098 0.17129 0.00060 ( 1)
 236 V   0.88987 0.00001 0.11012 0.00001 ( 1)
 237 T   0.88161 0.00006 0.11830 0.00004 ( 1)
 238 F   0.87182 0.01110 0.11028 0.00680 ( 1)
 239 S   0.65435 0.10607 0.17464 0.06494 ( 1)
 240 G   0.89540 0.00001 0.10459 0.00000 ( 1)
 241 N   0.89264 0.00000 0.10736 0.00000 ( 1)
 242 Y   0.89380 0.00001 0.10618 0.00001 ( 1)
 243 L   0.68177 0.01503 0.29400 0.00920 ( 1)
 244 Y   0.89381 0.00000 0.10618 0.00000 ( 1)
 245 K   0.82843 0.00000 0.17156 0.00000 ( 1)
 246 T   0.88164 0.00004 0.11830 0.00002 ( 1)
 247 S   0.87431 0.01322 0.10438 0.00809 ( 1)
 248 G   0.89533 0.00005 0.10458 0.00003 ( 1)
 249 R   0.74407 0.00089 0.25450 0.00054 ( 1)
 250 A   0.86692 0.00031 0.13258 0.00019 ( 1)
 251 P   0.89740 0.00005 0.10251 0.00003 ( 1)
 252 K   0.82825 0.00014 0.17152 0.00009 ( 1)
 253 V   0.88985 0.00002 0.11012 0.00001 ( 1)
 254 Q   0.68618 0.06582 0.20771 0.04030 ( 1)
 255 D   0.88179 0.00126 0.11618 0.00077 ( 1)
 256 N   0.89262 0.00001 0.10736 0.00001 ( 1)
 257 T   0.88168 0.00001 0.11831 0.00000 ( 1)
 258 Y   0.89380 0.00001 0.10618 0.00000 ( 1)
 259 L   0.87512 0.00027 0.12445 0.00016 ( 1)
 260 H   0.89888 0.00000 0.10112 0.00000 ( 1)
 261 I   0.88002 0.01106 0.10215 0.00677 ( 1)
 262 Y   0.77182 0.08466 0.09169 0.05183 ( 1)
 263 N   0.89264 0.00000 0.10736 0.00000 ( 1)
 264 N   0.89263 0.00000 0.10736 0.00000 ( 1)
 265 Y   0.89378 0.00002 0.10618 0.00001 ( 1)
 266 W   0.63116 0.09907 0.20912 0.06065 ( 1)
 267 E   0.85727 0.00211 0.13933 0.00129 ( 1)
 268 N   0.89238 0.00018 0.10733 0.00011 ( 1)
 269 N   0.89264 0.00000 0.10736 0.00000 ( 1)
 270 S   0.71862 0.00015 0.28114 0.00009 ( 1)
 271 G   0.89293 0.00171 0.10430 0.00105 ( 1)
 272 H   0.89878 0.00007 0.10110 0.00004 ( 1)
 273 A   0.79129 0.00004 0.20864 0.00002 ( 1)
 274 F   0.88765 0.00005 0.11228 0.00003 ( 1)
 275 E   0.86015 0.00004 0.13979 0.00002 ( 1)
 276 I   0.89597 0.00002 0.10400 0.00001 ( 1)
 277 G   0.89541 0.00000 0.10459 0.00000 ( 1)
 278 S   0.69537 0.13746 0.08302 0.08415 ( 1)
 279 G   0.79394 0.00015 0.20582 0.00009 ( 1)
 280 G   0.83574 0.00118 0.16235 0.00072 ( 1)
 281 Y   0.89366 0.00011 0.10617 0.00007 ( 1)
 282 V   0.88985 0.00002 0.11012 0.00001 ( 1)
 283 L   0.87434 0.00082 0.12433 0.00050 ( 1)
 284 A   0.86726 0.00007 0.13264 0.00004 ( 1)
 285 E   0.86016 0.00003 0.13980 0.00002 ( 1)
 286 G   0.79407 0.00005 0.20585 0.00003 ( 1)
 287 N   0.89263 0.00001 0.10736 0.00001 ( 1)
 288 Y   0.28221 0.42443 0.03353 0.25984 ( 2)
 289 F   0.82917 0.00000 0.17083 0.00000 ( 1)
 290 S   0.85136 0.02915 0.10164 0.01784 ( 1)
 291 N   0.89100 0.00114 0.10716 0.00070 ( 1)
 292 V   0.85092 0.00013 0.14888 0.00008 ( 1)
 293 D   0.85908 0.01720 0.11319 0.01053 ( 1)
 294 T   0.88088 0.00057 0.11820 0.00035 ( 1)
 295 V   0.57828 0.21719 0.07156 0.13297 ( 1)
 296 L   0.75649 0.08432 0.10758 0.05162 ( 1)
 297 E   0.85988 0.00023 0.13975 0.00014 ( 1)
 298 T   0.00000 0.62026 0.00000 0.37973 ( 2)
 299 D   0.31430 0.39963 0.04141 0.24466 ( 2)
 300 T   0.17694 0.49579 0.02374 0.30353 ( 2)
 301 F   0.88765 0.00005 0.11228 0.00003 ( 1)
 302 E   0.04425 0.58836 0.00719 0.36020 ( 2)
 303 G   0.79304 0.00085 0.20559 0.00052 ( 1)
 304 A   0.76275 0.02241 0.20112 0.01372 ( 1)
 305 L   0.87317 0.00165 0.12417 0.00101 ( 1)
 306 F   0.82862 0.00041 0.17072 0.00025 ( 1)
 307 S   0.87650 0.01170 0.10464 0.00716 ( 1)
 308 S   0.78008 0.00001 0.21990 0.00001 ( 1)
 309 D   0.86211 0.01507 0.11359 0.00923 ( 1)
 310 S   0.89729 0.00006 0.10261 0.00004 ( 1)
 311 A   0.66168 0.14708 0.10120 0.09004 ( 1)
 312 S   0.89329 0.00004 0.10665 0.00003 ( 1)
 313 S   0.12340 0.53459 0.01473 0.32728 ( 2)
 314 T   0.88154 0.00011 0.11829 0.00006 ( 1)
 315 C   0.88294 0.00002 0.11702 0.00001 ( 1)
 316 E   0.00214 0.61873 0.00035 0.37879 ( 2)
 317 S   0.89309 0.00018 0.10662 0.00011 ( 1)
 318 Y   0.89287 0.00065 0.10607 0.00040 ( 1)
 319 I   0.79126 0.00016 0.20849 0.00010 ( 1)
 320 G   0.89520 0.00014 0.10457 0.00009 ( 1)
 321 R   0.74466 0.00039 0.25470 0.00024 ( 1)
 322 S   0.83255 0.04221 0.09940 0.02584 ( 1)
 323 C   0.88288 0.00007 0.11701 0.00004 ( 1)
 324 V   0.29603 0.38891 0.07696 0.23810 ( 2)
 325 A   0.86733 0.00002 0.13265 0.00001 ( 1)
 326 N   0.89219 0.00031 0.10731 0.00019 ( 1)
 327 V   0.72534 0.11469 0.08976 0.07021 ( 1)
 328 N   0.88943 0.00223 0.10697 0.00137 ( 1)
 329 G   0.73655 0.11005 0.08604 0.06737 ( 1)
 330 G   0.65863 0.10583 0.17074 0.06479 ( 1)
 331 D   0.00968 0.61347 0.00128 0.37557 ( 2)
 332 L   0.85478 0.01468 0.12155 0.00899 ( 1)
 333 T   0.31290 0.40014 0.04199 0.24497 ( 2)
 334 G   0.78283 0.07798 0.09144 0.04774 ( 1)
 335 T   0.83099 0.03567 0.11151 0.02184 ( 1)
 336 S   0.88409 0.00643 0.10555 0.00394 ( 1)
 337 T   0.84034 0.02909 0.11276 0.01781 ( 1)
 338 T   0.59177 0.20396 0.07941 0.12486 ( 1)
 339 V   0.88973 0.00011 0.11010 0.00006 ( 1)
 340 L   0.86962 0.00417 0.12366 0.00255 ( 1)
 341 S   0.62385 0.18712 0.07448 0.11455 ( 1)
 342 N   0.56477 0.22783 0.06793 0.13948 ( 1)
 343 L   0.79818 0.05478 0.11350 0.03354 ( 1)
 344 S   0.66741 0.15895 0.07632 0.09731 ( 1)
 345 G   0.79781 0.06761 0.09319 0.04139 ( 1)
 346 D   0.82429 0.04162 0.10861 0.02548 ( 1)
 347 T   0.80327 0.05517 0.10779 0.03377 ( 1)
 348 L   0.85646 0.01349 0.12179 0.00826 ( 1)
 349 P   0.84436 0.03671 0.09646 0.02247 ( 1)
 350 S   0.02783 0.59814 0.00785 0.36618 ( 2)
 351 A   0.78932 0.00159 0.20812 0.00097 ( 1)
 352 D   0.27415 0.41144 0.06252 0.25189 ( 2)
 353 A   0.30253 0.38314 0.07977 0.23456 ( 2)
 354 A   0.81804 0.03526 0.12511 0.02159 ( 1)
 355 S   0.73552 0.11187 0.08411 0.06849 ( 1)
 356 T   0.88164 0.00003 0.11831 0.00002 ( 1)
 357 S   0.65167 0.16983 0.07452 0.10397 ( 1)
 358 P   0.89719 0.00020 0.10249 0.00012 ( 1)
 359 A   0.86027 0.00506 0.13157 0.00310 ( 1)
 360 S   0.54003 0.24531 0.06447 0.15018 ( 1)
 361 N   0.70370 0.13129 0.08464 0.08038 ( 1)


lnL = -7403.028738

