Supplemental results for CODEML (seqf: AIE38009.1_msa.phylip  treef: AIE38009.1_tree)


MLEs of dN/dS (w) for site classes (K=4)

site class             0        1       2a       2b
proportion       0.77468  0.15912  0.05492  0.01128
background w     0.08176  1.00000  0.08176  1.00000
foreground w     0.08176  1.00000  2.00000  2.00000

Naive Empirical Bayes (NEB) probabilities for 4 classes
(amino acids refer to 1st sequence: AIE38009.1)

   1 M   0.93577 0.00262 0.06144 0.00018 ( 1)
   2 K   0.93788 0.00130 0.06073 0.00009 ( 1)
   3 Y   0.94290 0.00007 0.05702 0.00000 ( 1)
   4 A   0.92606 0.01254 0.06054 0.00085 ( 1)
   5 A   0.00318 0.93318 0.00021 0.06343 ( 2)
   6 A   0.56934 0.36839 0.03722 0.02504 ( 1)
   7 L   0.93970 0.00143 0.05877 0.00010 ( 1)
   8 T   0.84761 0.08913 0.05710 0.00615 ( 1)
   9 A   0.92795 0.01066 0.06067 0.00072 ( 1)
  10 I   0.16747 0.76904 0.01103 0.05246 ( 2)
  11 A   0.91578 0.02941 0.05293 0.00188 ( 1)
  12 A   0.94316 0.00219 0.05451 0.00014 ( 1)
  13 L   0.91843 0.02263 0.05744 0.00150 ( 1)
  14 A   0.93325 0.00537 0.06101 0.00037 ( 1)
  15 A   0.94350 0.00185 0.05453 0.00012 ( 1)
  16 R   0.22010 0.71834 0.01379 0.04776 ( 2)
  17 A   0.94374 0.00161 0.05455 0.00010 ( 1)
  18 A   0.11932 0.81732 0.00780 0.05556 ( 2)
  19 A   0.90866 0.02990 0.05941 0.00203 ( 1)
  20 V   0.88666 0.05806 0.05157 0.00372 ( 1)
  21 G   0.93705 0.00136 0.06150 0.00009 ( 1)
  22 V   0.94498 0.00005 0.05496 0.00000 ( 1)
  23 S   0.00103 0.93786 0.00006 0.06105 ( 2)
  24 G   0.94490 0.00003 0.05506 0.00000 ( 1)
  25 T   0.89979 0.03850 0.05908 0.00262 ( 1)
  26 P   0.91937 0.02356 0.05554 0.00154 ( 1)
  27 V   0.92771 0.00920 0.06245 0.00063 ( 1)
  28 G   0.91502 0.02333 0.06006 0.00159 ( 1)
  29 F   0.94178 0.00019 0.05801 0.00001 ( 1)
  30 A   0.94275 0.00260 0.05449 0.00017 ( 1)
  31 S   0.89780 0.04528 0.05398 0.00295 ( 1)
  32 S   0.07246 0.86676 0.00436 0.05642 ( 2)
  33 A   0.93982 0.00551 0.05432 0.00035 ( 1)
  34 T   0.93610 0.00228 0.06146 0.00016 ( 1)
  35 G   0.93649 0.00191 0.06147 0.00013 ( 1)
  36 G   0.93717 0.00123 0.06151 0.00008 ( 1)
  37 G   0.93807 0.00034 0.06157 0.00002 ( 1)
  38 D   0.69534 0.24327 0.04495 0.01644 ( 1)
  39 A   0.93835 0.00029 0.06135 0.00002 ( 1)
  40 T   0.94169 0.00314 0.05497 0.00020 ( 1)
  41 P   0.80089 0.14149 0.04838 0.00923 ( 1)
  42 V   0.94498 0.00006 0.05496 0.00000 ( 1)
  43 Y   0.94286 0.00012 0.05702 0.00001 ( 1)
  44 P   0.93485 0.00271 0.06225 0.00019 ( 1)
  45 T   0.94330 0.00154 0.05506 0.00010 ( 1)
  46 T   0.94033 0.00450 0.05489 0.00029 ( 1)
  47 T   0.94394 0.00090 0.05510 0.00006 ( 1)
  48 D   0.92679 0.01246 0.05991 0.00084 ( 1)
  49 E   0.93975 0.00051 0.05971 0.00003 ( 1)
  50 L   0.89595 0.03947 0.06182 0.00276 ( 1)
  51 V   0.94450 0.00053 0.05493 0.00003 ( 1)
  52 S   0.93406 0.00362 0.06208 0.00025 ( 1)
  53 Y   0.94290 0.00007 0.05702 0.00000 ( 1)
  54 L   0.94078 0.00035 0.05884 0.00002 ( 1)
  55 G   0.93548 0.00292 0.06140 0.00020 ( 1)
  56 D   0.93854 0.00073 0.06067 0.00005 ( 1)
  57 D   0.15758 0.78362 0.00902 0.04977 ( 2)
  58 E   0.93975 0.00051 0.05971 0.00003 ( 1)
  59 A   0.94525 0.00011 0.05463 0.00001 ( 1)
  60 R   0.92420 0.01250 0.06244 0.00086 ( 1)
  61 V   0.94144 0.00358 0.05476 0.00023 ( 1)
  62 I   0.93494 0.00328 0.06156 0.00022 ( 1)
  63 V   0.91907 0.02582 0.05345 0.00165 ( 1)
  64 L   0.91058 0.02486 0.06283 0.00174 ( 1)
  65 S   0.01914 0.91984 0.00115 0.05987 ( 2)
  66 K   0.91609 0.02303 0.05932 0.00156 ( 1)
  67 E   0.93975 0.00051 0.05971 0.00003 ( 1)
  68 G   0.94421 0.00072 0.05502 0.00005 ( 1)
  69 T   0.88242 0.05584 0.05794 0.00380 ( 1)
  70 T   0.94366 0.00119 0.05508 0.00008 ( 1)
  71 T   0.93495 0.00193 0.06299 0.00013 ( 1)
  72 T   0.01164 0.92815 0.00068 0.05953 ( 2)
  73 T   0.58033 0.36254 0.03387 0.02325 ( 1)
  74 G   0.93674 0.00166 0.06148 0.00011 ( 1)
  75 C   0.94160 0.00026 0.05813 0.00002 ( 1)
  76 A   0.06875 0.86777 0.00449 0.05899 ( 2)
  77 P   0.93927 0.00375 0.05674 0.00024 ( 1)
  78 W   0.34341 0.59235 0.02324 0.04099 ( 2)
  79 G   0.93427 0.00413 0.06132 0.00028 ( 1)
  80 T   0.93519 0.00318 0.06140 0.00022 ( 1)
  81 A   0.90422 0.04091 0.05226 0.00261 ( 1)
  82 S   0.94166 0.00162 0.05661 0.00011 ( 1)
  83 G   0.00906 0.93078 0.00053 0.05963 ( 2)
  84 C   0.94172 0.00013 0.05814 0.00001 ( 1)
  85 Q   0.92843 0.00865 0.06232 0.00060 ( 1)
  86 L   0.84152 0.09386 0.05806 0.00656 ( 1)
  87 A   0.94521 0.00015 0.05463 0.00001 ( 1)
  88 I   0.94404 0.00003 0.05593 0.00000 ( 1)
  89 N   0.94504 0.00004 0.05492 0.00000 ( 1)
  90 K   0.93788 0.00130 0.06073 0.00009 ( 1)
  91 D   0.94565 0.00020 0.05414 0.00001 ( 1)
  92 D   0.93729 0.00850 0.05366 0.00054 ( 1)
  93 W   0.92284 0.01374 0.06247 0.00095 ( 1)
  94 C   0.94172 0.00013 0.05814 0.00001 ( 1)
  95 T   0.92811 0.01665 0.05417 0.00107 ( 1)
  96 N   0.94504 0.00004 0.05492 0.00000 ( 1)
  97 Y   0.94290 0.00007 0.05702 0.00000 ( 1)
  98 E   0.80305 0.13677 0.05102 0.00916 ( 1)
  99 P   0.93979 0.00323 0.05677 0.00021 ( 1)
 100 D   0.20063 0.73662 0.01297 0.04978 ( 2)
 101 A   0.93794 0.00069 0.06132 0.00005 ( 1)
 102 P   0.93661 0.00639 0.05658 0.00042 ( 1)
 103 T   0.94306 0.00178 0.05505 0.00011 ( 1)
 104 T   0.88548 0.05905 0.05169 0.00379 ( 1)
 105 T   0.59321 0.34974 0.03463 0.02243 ( 1)
 106 V   0.94482 0.00022 0.05495 0.00001 ( 1)
 107 T   0.94479 0.00006 0.05515 0.00000 ( 1)
 108 N   0.20005 0.74092 0.01163 0.04741 ( 2)
 109 T   0.83255 0.10559 0.05466 0.00719 ( 1)
 110 A   0.93820 0.00043 0.06134 0.00003 ( 1)
 111 G   0.93649 0.00191 0.06147 0.00013 ( 1)
 112 E   0.00277 0.93316 0.00018 0.06389 ( 2)
 113 L   0.94029 0.00084 0.05881 0.00006 ( 1)
 114 G   0.93548 0.00292 0.06140 0.00020 ( 1)
 115 I   0.94404 0.00003 0.05593 0.00000 ( 1)
 116 T   0.94328 0.00156 0.05506 0.00010 ( 1)
 117 V   0.94332 0.00171 0.05486 0.00011 ( 1)
 118 N   0.92493 0.02003 0.05375 0.00128 ( 1)
 119 S   0.94322 0.00007 0.05671 0.00000 ( 1)
 120 N   0.94504 0.00004 0.05492 0.00000 ( 1)
 121 K   0.93788 0.00130 0.06073 0.00009 ( 1)
 122 S   0.94322 0.00007 0.05671 0.00000 ( 1)
 123 L   0.92183 0.01471 0.06244 0.00102 ( 1)
 124 I   0.94394 0.00013 0.05592 0.00001 ( 1)
 125 G   0.93754 0.00086 0.06153 0.00006 ( 1)
 126 E   0.93975 0.00051 0.05971 0.00003 ( 1)
 127 R   0.08349 0.68847 0.07324 0.15480 ( 2)
 128 Y   0.02525 0.00760 0.96510 0.00204 ( 3)
 129 Q   0.06657 0.02128 0.90683 0.00532 ( 3)
 130 R   0.93733 0.00092 0.06168 0.00006 ( 1)
 131 V   0.94456 0.00047 0.05494 0.00003 ( 1)
 132 S   0.93470 0.00924 0.05547 0.00060 ( 1)
 133 G   0.93548 0.00292 0.06140 0.00020 ( 1)
 134 V   0.94359 0.00144 0.05488 0.00009 ( 1)
 135 S   0.00071 0.93818 0.00004 0.06107 ( 2)
 136 N   0.94504 0.00004 0.05492 0.00000 ( 1)
 137 I   0.90305 0.04081 0.05350 0.00264 ( 1)
 138 I   0.94400 0.00007 0.05593 0.00000 ( 1)
 139 I   0.94290 0.00117 0.05586 0.00008 ( 1)
 140 Q   0.92843 0.00865 0.06232 0.00060 ( 1)
 141 N   0.94504 0.00004 0.05492 0.00000 ( 1)
 142 I   0.93732 0.00090 0.06172 0.00006 ( 1)
 143 A   0.93665 0.00198 0.06124 0.00013 ( 1)
 144 V   0.94460 0.00044 0.05494 0.00003 ( 1)
 145 T   0.94256 0.00228 0.05502 0.00015 ( 1)
 146 D   0.94576 0.00009 0.05415 0.00001 ( 1)
 147 I   0.94402 0.00005 0.05593 0.00000 ( 1)
 148 N   0.94504 0.00004 0.05492 0.00000 ( 1)
 149 P   0.94156 0.00147 0.05688 0.00010 ( 1)
 150 E   0.03595 0.90140 0.00228 0.06036 ( 2)
 151 Y   0.94290 0.00007 0.05702 0.00000 ( 1)
 152 T   0.93626 0.00212 0.06147 0.00014 ( 1)
 153 A   0.93631 0.00900 0.05412 0.00057 ( 1)
 154 R   0.93666 0.00435 0.05869 0.00029 ( 1)
 155 I   0.90220 0.03594 0.05941 0.00245 ( 1)
 156 G   0.92330 0.01508 0.06060 0.00103 ( 1)
 157 R   0.92855 0.01244 0.05818 0.00083 ( 1)
 158 Q   0.25653 0.67943 0.01722 0.04681 ( 2)
 159 H   0.94282 0.00010 0.05708 0.00001 ( 1)
 160 Y   0.92445 0.01845 0.05590 0.00120 ( 1)
 161 G   0.93597 0.00243 0.06143 0.00017 ( 1)
 162 T   0.94441 0.00043 0.05513 0.00003 ( 1)
 163 D   0.51023 0.43305 0.02921 0.02751 ( 1)
 164 D   0.93712 0.00867 0.05365 0.00055 ( 1)
 165 R   0.93344 0.00328 0.06306 0.00023 ( 1)
 166 S   0.93055 0.01268 0.05595 0.00083 ( 1)
 167 I   0.94305 0.00102 0.05587 0.00007 ( 1)
 168 T   0.94364 0.00120 0.05508 0.00008 ( 1)
 169 N   0.94504 0.00004 0.05492 0.00000 ( 1)
 170 N   0.94504 0.00004 0.05492 0.00000 ( 1)
 171 Y   0.94180 0.00117 0.05695 0.00008 ( 1)
 172 I   0.94404 0.00003 0.05593 0.00000 ( 1)
 173 N   0.70246 0.24128 0.04082 0.01544 ( 1)
 174 G   0.94334 0.00158 0.05497 0.00010 ( 1)
 175 E   0.93687 0.00338 0.05953 0.00023 ( 1)
 176 S   0.93620 0.00148 0.06222 0.00010 ( 1)
 177 D   0.94487 0.00097 0.05410 0.00006 ( 1)
 178 Y   0.91799 0.02487 0.05551 0.00162 ( 1)
 179 F   0.35887 0.04641 0.58833 0.00639 ( 3)
 180 A   0.93841 0.00022 0.06135 0.00001 ( 1)
 181 T   0.93825 0.00013 0.06161 0.00001 ( 1)
 182 C   0.94172 0.00013 0.05814 0.00001 ( 1)
 183 D   0.94510 0.00075 0.05411 0.00005 ( 1)
 184 G   0.93562 0.00926 0.05452 0.00059 ( 1)
 185 H   0.94286 0.00006 0.05708 0.00000 ( 1)
 186 H   0.94286 0.00006 0.05708 0.00000 ( 1)
 187 Y   0.94290 0.00007 0.05702 0.00000 ( 1)
 188 W   0.92284 0.01374 0.06247 0.00095 ( 1)
 189 N   0.94500 0.00007 0.05492 0.00000 ( 1)
 190 V   0.91143 0.02546 0.06135 0.00176 ( 1)
 191 Y   0.94290 0.00007 0.05702 0.00000 ( 1)
 192 L   0.92048 0.01626 0.06214 0.00112 ( 1)
 193 D   0.94556 0.00029 0.05413 0.00002 ( 1)
 194 G   0.94472 0.00021 0.05505 0.00001 ( 1)
 195 S   0.93585 0.00184 0.06219 0.00013 ( 1)
 196 S   0.94385 0.00013 0.05601 0.00001 ( 1)
 197 D   0.94579 0.00005 0.05415 0.00000 ( 1)
 198 K   0.93788 0.00130 0.06073 0.00009 ( 1)
 199 V   0.94492 0.00011 0.05496 0.00001 ( 1)
 200 T   0.94474 0.00011 0.05514 0.00001 ( 1)
 201 F   0.73852 0.20263 0.04549 0.01335 ( 1)
 202 S   0.20860 0.72799 0.01374 0.04967 ( 2)
 203 G   0.94487 0.00007 0.05506 0.00000 ( 1)
 204 N   0.94504 0.00004 0.05492 0.00000 ( 1)
 205 Y   0.94290 0.00007 0.05702 0.00000 ( 1)
 206 L   0.91539 0.02005 0.06316 0.00140 ( 1)
 207 Y   0.94290 0.00007 0.05702 0.00000 ( 1)
 208 K   0.93788 0.00130 0.06073 0.00009 ( 1)
 209 T   0.94476 0.00009 0.05515 0.00001 ( 1)
 210 S   0.74088 0.20146 0.04454 0.01311 ( 1)
 211 G   0.94487 0.00007 0.05506 0.00000 ( 1)
 212 R   0.92900 0.00771 0.06276 0.00053 ( 1)
 213 A   0.94460 0.00076 0.05460 0.00005 ( 1)
 214 P   0.94281 0.00022 0.05695 0.00001 ( 1)
 215 K   0.93788 0.00130 0.06073 0.00009 ( 1)
 216 V   0.94500 0.00003 0.05496 0.00000 ( 1)
 217 Q   0.84652 0.09043 0.05682 0.00623 ( 1)
 218 D   0.92025 0.02545 0.05269 0.00162 ( 1)
 219 N   0.94504 0.00004 0.05492 0.00000 ( 1)
 220 T   0.94479 0.00006 0.05515 0.00000 ( 1)
 221 Y   0.94290 0.00007 0.05702 0.00000 ( 1)
 222 L   0.93462 0.00650 0.05845 0.00043 ( 1)
 223 H   0.94286 0.00006 0.05708 0.00000 ( 1)
 224 I   0.78480 0.15847 0.04650 0.01024 ( 1)
 225 Y   0.80012 0.14221 0.04839 0.00928 ( 1)
 226 N   0.94504 0.00004 0.05492 0.00000 ( 1)
 227 N   0.94504 0.00004 0.05492 0.00000 ( 1)
 228 Y   0.94290 0.00007 0.05702 0.00000 ( 1)
 229 W   0.92284 0.01374 0.06247 0.00095 ( 1)
 230 E   0.92084 0.01935 0.05851 0.00130 ( 1)
 231 N   0.93259 0.01242 0.05420 0.00079 ( 1)
 232 N   0.94504 0.00004 0.05492 0.00000 ( 1)
 233 S   0.93591 0.00016 0.06392 0.00001 ( 1)
 234 G   0.93410 0.01077 0.05444 0.00069 ( 1)
 235 H   0.94286 0.00006 0.05708 0.00000 ( 1)
 236 A   0.93841 0.00022 0.06135 0.00001 ( 1)
 237 F   0.94186 0.00012 0.05801 0.00001 ( 1)
 238 E   0.93975 0.00051 0.05971 0.00003 ( 1)
 239 I   0.94390 0.00017 0.05592 0.00001 ( 1)
 240 G   0.94490 0.00003 0.05506 0.00000 ( 1)
 241 S   0.03689 0.90217 0.00222 0.05872 ( 2)
 242 G   0.93649 0.00191 0.06147 0.00013 ( 1)
 243 G   0.93683 0.00415 0.05874 0.00028 ( 1)
 244 Y   0.67472 0.26704 0.04080 0.01743 ( 1)
 245 N   0.92987 0.01512 0.05404 0.00097 ( 1)
 246 Y   0.01382 0.92496 0.00084 0.06039 ( 2)
 247 F   0.93686 0.00261 0.06035 0.00018 ( 1)
 248 S   0.04512 0.89398 0.00271 0.05819 ( 2)
 249 N   0.71503 0.22878 0.04155 0.01464 ( 1)
 250 V   0.94165 0.00016 0.05818 0.00001 ( 1)
 251 D   0.07629 0.86444 0.00437 0.05490 ( 2)
 252 T   0.91068 0.03399 0.05316 0.00218 ( 1)
 253 V   0.02318 0.91679 0.00135 0.05868 ( 2)
 254 L   0.69448 0.24576 0.04344 0.01632 ( 1)
 255 E   0.88986 0.05023 0.05654 0.00336 ( 1)
 256 T   0.00000 0.93973 0.00000 0.06027 ( 2)
 257 D   0.00502 0.93529 0.00029 0.05940 ( 2)
 258 T   0.00017 0.93956 0.00001 0.06026 ( 2)
 259 F   0.90401 0.03781 0.05568 0.00249 ( 1)
 260 E   0.00001 0.93723 0.00000 0.06276 ( 2)
 261 G   0.65186 0.28588 0.04278 0.01947 ( 1)
 262 A   0.01965 0.91675 0.00128 0.06232 ( 2)
 263 L   0.90123 0.03977 0.05637 0.00264 ( 1)
 264 F   0.60497 0.33355 0.03897 0.02251 ( 1)
 265 S   0.09538 0.84395 0.00573 0.05493 ( 2)
 266 S   0.93755 0.00014 0.06231 0.00001 ( 1)
 267 D   0.02219 0.91822 0.00127 0.05832 ( 2)
 268 S   0.73425 0.20868 0.04357 0.01349 ( 1)
 269 A   0.05315 0.88715 0.00307 0.05663 ( 2)
 270 S   0.94089 0.00239 0.05657 0.00016 ( 1)
 271 S   0.00369 0.93521 0.00022 0.06087 ( 2)
 272 T   0.92437 0.02037 0.05396 0.00131 ( 1)
 273 C   0.89814 0.04354 0.05545 0.00287 ( 1)
 274 E   0.00001 0.93723 0.00000 0.06276 ( 2)
 275 S   0.88042 0.06258 0.05293 0.00407 ( 1)
 276 Y   0.61135 0.33013 0.03697 0.02155 ( 1)
 277 I   0.70331 0.23439 0.04631 0.01599 ( 1)
 278 G   0.94026 0.00465 0.05479 0.00030 ( 1)
 279 R   0.82629 0.11026 0.05582 0.00762 ( 1)
 280 S   0.59446 0.34720 0.03574 0.02260 ( 1)
 281 C   0.94062 0.00122 0.05807 0.00008 ( 1)
 282 V   0.58050 0.35712 0.03807 0.02431 ( 1)
 283 A   0.94383 0.00152 0.05455 0.00010 ( 1)
 284 N   0.94502 0.00006 0.05492 0.00000 ( 1)
 285 V   0.07723 0.86304 0.00449 0.05524 ( 2)
 286 N   0.94457 0.00050 0.05489 0.00003 ( 1)
 287 G   0.36846 0.57334 0.02147 0.03673 ( 2)
 288 G   0.93679 0.00161 0.06149 0.00011 ( 1)
 289 D   0.00101 0.93927 0.00006 0.05966 ( 2)
 290 L   0.94058 0.00056 0.05883 0.00004 ( 1)
 291 T   0.13764 0.80283 0.00803 0.05149 ( 2)
 292 G   0.91923 0.02557 0.05357 0.00164 ( 1)
 293 T   0.00929 0.93049 0.00054 0.05968 ( 2)
 294 S   0.06997 0.86925 0.00421 0.05658 ( 2)
 295 T   0.00309 0.93666 0.00018 0.06007 ( 2)
 296 T   0.04654 0.89344 0.00272 0.05730 ( 2)
 297 V   0.91929 0.02560 0.05347 0.00164 ( 1)
 298 L   0.71456 0.22575 0.04469 0.01499 ( 1)
 299 S   0.94196 0.00132 0.05663 0.00009 ( 1)
 300 N   0.18958 0.75133 0.01102 0.04807 ( 2)
 301 L   0.76909 0.17142 0.04810 0.01139 ( 1)
 302 S   0.81851 0.12484 0.04857 0.00807 ( 1)
 303 G   0.94106 0.00385 0.05484 0.00025 ( 1)
 304 D   0.94162 0.00420 0.05391 0.00027 ( 1)
 305 T   0.93663 0.00818 0.05467 0.00052 ( 1)
 306 L   0.93475 0.00636 0.05846 0.00042 ( 1)
 307 P   0.91407 0.02883 0.05522 0.00188 ( 1)
 308 S   0.00066 0.93519 0.00004 0.06411 ( 2)
 309 A   0.75587 0.18232 0.04942 0.01239 ( 1)
 310 D   0.19981 0.73744 0.01292 0.04984 ( 2)
 311 A   0.07188 0.86464 0.00470 0.05878 ( 2)
 312 A   0.94494 0.00042 0.05461 0.00003 ( 1)
 313 S   0.93440 0.00953 0.05545 0.00062 ( 1)
 314 T   0.94454 0.00031 0.05513 0.00002 ( 1)
 315 S   0.00045 0.93883 0.00003 0.06070 ( 2)
 316 P   0.94065 0.00237 0.05682 0.00015 ( 1)
 317 A   0.93368 0.01161 0.05396 0.00074 ( 1)
 318 S   0.01669 0.92227 0.00100 0.06003 ( 2)
 319 N   0.00044 0.93943 0.00003 0.06011 ( 2)
 320 A   0.91077 0.02780 0.05954 0.00189 ( 1)
 321 G   0.91997 0.01840 0.06038 0.00125 ( 1)
 322 Q   0.92843 0.00865 0.06232 0.00060 ( 1)
 323 G   0.93616 0.00225 0.06144 0.00015 ( 1)
 324 N   0.94441 0.00067 0.05488 0.00004 ( 1)
 325 L   0.89595 0.03947 0.06182 0.00276 ( 1)


lnL = -4353.423310

